2.4668367801042206 4.51298462504376
2.298850455787549 9.758391365094178
2.0021264588518926 14.357820903410099
1.8593470365988183 14.288771105499212
1.8109668089588744 17.619804112695643
1.7685770369989946 16.95758654466013
1.6786268987317912 16.893010407254334
1.5946446075891225 19.81425602757157
1.6076568339574728 21.54549003873311
1.5397160313975087 17.826666564869466
1.495230742066347 25.351369393342885
1.3830528741685675 27.45836742515832
1.3637310902515893 26.881168111028696
1.2788115681397865 28.515197709658793
1.2748230788132615 29.062008929169583
1.2458353231684718 30.14860197881879
1.230421081693384 33.51078559680836
1.2043846617571727 34.65397483352235
1.184027038137637 33.568044858644626
1.1681357211636842 31.7838989655876
1.135099961087575 34.36821524363688
1.1315175084826083 37.110325972719785
1.1550705708112798 30.01983197887478
1.0835532792065747 38.284714401050316
1.1347820359146403 33.207940737045185
1.0929173621414225 36.50220013617942
1.044228397764303 37.132077797038185
1.0728996877495471 38.34485257964133
1.04412140476495 38.03940686754553
1.0631622668345564 38.32292460793561
1.0322834072621159 41.899173613445306
1.0146796240234621 37.7435124278719
0.993307859228003 44.046683681194196
1.0174127274898115 39.532336130213714
0.9900585713331258 44.5019493996092
0.9844227468410803 47.349746930237735
0.9685736984675279 41.879400626647346
0.9574446137808303 45.34831218283488
0.9908667287763622 43.409872272824686
0.9544112467454139 46.14418614367391
0.9939445880135727 40.002019632275754
0.9238483343473612 43.39023659960223
0.9718128881831811 47.534787064565215
0.9392596078853352 39.98629452328257
0.8921052890041586 46.97081335096122
0.9390200881284648 39.36308746354421
0.9365959720685014 40.078765849247155
0.9407447663534025 43.51204833828299
0.9288430128912384 47.41765033313521
0.9111806374234891 39.27714322980485
0.8692078959632821 45.13404754004891
0.9201563693715669 47.16588192895171
0.9053909622828766 45.43662679017285
0.908883115664948 46.945762661963954
0.8672588300340305 48.81820398964786
0.8991976766772455 44.04810067540065
0.8643645108763744 42.95028156751372
0.8944676941809993 46.23862846133046
0.8427442323836989 47.71229637696981
0.8371627816732684 50.44123900187501
0.8340826502906172 52.32232671835357
0.8630653509614503 48.88481810206917
0.8363621855412894 50.29719818155613
0.838761578988048 53.993014691115874
0.8515277448028717 51.94422785690007
0.8331156689426361 52.33685360447021
0.8360561617557526 51.91719710873192
0.7988467338216974 48.184150806716886
0.7836995974032004 51.3824033672463
0.7588865483554837 46.714628356600116
0.7854683956047788 55.33870910731193
0.7990397679712496 55.1181459262646
0.7791364898528845 56.02482984744892
0.8456336440507206 54.84849238783958
0.8074968084566927 59.07328902921885
0.7965248862293066 51.61953569129962
0.8057151541269734 50.858672354418744
0.8129831209401913 53.118444808404135
0.7500968401940348 56.13702282758884
0.817592323170809 56.64460885357259
0.8229426796291355 56.62586997140116
0.7890748501296191 51.75929245287636
0.7763182928413577 52.533352315260345
0.8184375418615734 59.375287380300094
0.7610741545682785 62.425903282991484
0.7672649508534864 52.10029432035208
0.7295108807950054 48.14370121522983
0.7447345448629675 56.27223898246625
0.793969932542787 55.29290960786411
0.7262825586660067 61.3377372424289
0.7975778376302616 56.70919432409282
0.7590943096175122 51.697539197099395
0.7448265540955045 58.741585100939034
0.7451214880942911 56.8341758968522
0.7047446322630239 60.27428460982949
0.7245992174320988 55.79257632763293
0.7644775182819867 59.06511625787614
0.7761952434438648 62.894764435805676
0.7296092516438636 58.20405477252215
0.7691879130439014 56.896037756535755
0.7361234265939836 58.16654354357824
0.6867817782444591 50.87205734985858
0.7835423556211292 50.84974833044054
0.7099526837076474 55.27577452593566
0.7229778295175826 57.104080497887566
0.7225052940383542 58.170401495338325
0.6700257406708009 56.092934422053446
0.6762484100361563 64.26105917161678
0.7313740014272753 58.943545715154634
0.6920169783122987 54.93836467026685
0.7372892203161927 52.896646450877725
0.6659723159216561 58.539143138242565
0.7174948731104717 63.59243210348225
0.6688848348950586 64.91691017845156
0.665530361648657 56.99368820271266
0.6844107787857319 59.621624384568086
0.6810635946384619 59.16016644391152
0.7066752909124853 60.04017323735547
0.6694228758697297 56.87254360417255
0.6906273289205227 60.12702592293708
0.6717027893131923 56.42159780014406
0.6786928485436765 60.96121981925946
0.658062832101526 65.02070565766167
0.6824457118978249 61.50671555128449
0.6787406412917831 65.82280733859801
0.6981730265817406 58.95524189056463
0.67182402325889 61.634861671050764
0.657965282654378 64.38552512250564
0.5851205150363408 60.6287982531822
0.5849040583704453 60.778633618404996
0.6476014453844526 62.815761057849194
0.6293330407079197 62.575422695261956
0.6252082386355378 65.04093404765041
0.5868222835071375 61.36712685114156
0.5967060356123228 65.18327573628362
0.5944766873573915 61.29478416587926
0.6068442677638163 61.77885794955183
0.605586432379958 62.857763491493614
0.6071953355861014 60.8592723834988
0.6158240648526835 60.45844336897856
0.5800234873920928 64.75602164257644
0.6270217038189806 56.30000355337151
0.6605157373831506 63.471717931277475
0.6599647007031644 62.56206367938391
0.5961092257014502 68.59391279525167
0.6136422175193271 62.30927413244401
0.5743636396077515 66.194426960626
0.6021336275286141 62.41073269258219
0.6201747701856971 66.22739597709412
0.5920465494308552 60.56870181647804
0.6541240267418387 61.70049223221699
0.5753242928024634 61.311774553788815
0.6184458784286015 59.14364194431446
0.587268595052835 62.0894934913174
0.5931252951726861 61.67961070477188
0.5932176908996893 69.00926063898817
0.5699545902726364 66.83259584107849
0.5826354142714157 67.43385215618805
0.6086469589190862 69.55794394000144
0.5695926955474557 67.700045894887
0.6049130267183679 68.57146720410542
0.5632753929533463 66.2710303550215
0.5523314359099183 68.05220528716507
0.5494577142636464 70.92169984095784
0.5886288294659026 67.43157511571597
0.6187637175484452 66.69625024258049
0.5813621942004439 65.96647358636484
0.5583615310409965 66.86241397717161
0.5123053000759209 62.7590631177447
0.5374340973546615 65.08995189604096
0.5569710137290214 67.04347707204798
0.5842382862002103 61.7133084218318
0.5539087494754547 69.24355448211367
0.5699410152168597 68.55614770721215
0.5089511533764197 70.30357383253447
0.5599047760517073 69.2402851645753
0.5294968667473083 72.54506572549441
0.5270139924538054 69.11051194576052
0.5441714291960603 63.61694719617748
0.5019090009386897 67.51849044426899
0.5421870938729302 72.70172082817207
0.5375358102776409 66.76929208829057
0.5566409635658082 64.76022711179701
0.5530875036499263 62.7924374684697
0.5570415251669383 65.39822041517502
0.521329075527563 68.39606074499378
0.5082366901884622 70.79047110841563
0.5611475980657492 68.01891811565328
0.5306664352982976 68.82130068516602
0.49270304451163877 67.0926580821249
0.5090432652548684 70.23631418679803
0.5336052342726407 67.23532922464221
0.5390827079036541 69.65327566654479
0.49706745361131754 68.91671534479582
0.465307989187305 72.84974564973608
0.4996111578258431 71.53498596061368
0.5008515875757424 70.83949099422713
0.5061007909362206 72.13608567584099
0.5016980850888286 70.98242829536986
0.48439090287657627 71.82498726579172
0.5002353074158604 72.6127461906743
0.47643472523638325 70.85520635762913
0.47183603409989483 73.9083396885046
0.48240107817377337 71.48401461915402
0.510631708437127 70.71066469709154
0.49794225608635884 69.42877916426653
0.5006252448218539 72.30491824827361
0.48024895360272424 65.33079200691
0.4641954058040441 71.16750072958754
0.4597273738276452 75.5220883163223
0.44403608614526774 74.69487072443438
0.4289459375082864 74.3477785579179
0.43086201094802884 73.05594886752918
0.4329453979619409 73.97006640570285
0.43038369959721484 75.80299121060737
0.430246238798163 72.92312667697831
0.479863663972371 70.1237209329384
0.4723024368545957 72.7291486535895
0.43326518877030795 70.09339181112018
0.44566983850288033 74.25716754887911
0.42433468253139306 72.53536202656919
0.4179733557095144 77.25150780203907
0.49735589420022897 78.14284333910682
0.4693858327563377 74.84283329050953
0.39810996604826926 79.73679775708148
0.433813220691958 77.00409784014276
0.39826513650881823 73.19631589742748
0.4450618991479185 75.77300906555108
0.41207943082385856 74.87970920923894
0.4285637689612487 72.98252482185865
0.44629937130110153 74.80716970502125
0.4357249470045633 72.61361745980385
0.42168262875572116 72.39143194174106
0.4163435937462169 76.54000000589697
0.4382814364794461 74.04392688525546
0.3895836071704506 78.11139030431177
0.42841602237702064 79.7156183708968
0.427105489052127 77.04052535599669
0.4111063128150493 75.11607375810311
0.37711886869097777 78.42636796516247
0.3994001818673881 82.81746205667626
0.4150016818940661 75.8107942159378
0.4275944374745103 70.55159401148983
0.3714174499610118 76.37875388280895
0.4334081049016708 80.85198845123674
0.38065599413254275 85.24839925667803
0.3927124690397591 82.08875385259043
0.38709578989743015 81.40861095120312
0.4132022903754018 80.74105226729458
0.40556936147676353 79.48010101451686
0.3977345925201498 77.32308150334094
0.40931553150246885 84.2991478995893
0.38694413183008086 82.69973916222257
0.3843109319555996 83.908246919131
0.35821758697519646 80.93583201181355
0.4123791421882464 78.49305230555413
0.38977269214424076 84.34630345133651
0.394296996265448 78.18482808528202
0.38379663696476657 78.67110645772148
0.36757868801565946 82.59510254858974
0.3940575876451686 79.94273533061094
0.3687226159840463 79.09259092114378
0.3626749419659803 80.19978606047549
0.34266411343270287 83.39267181707969
0.39497669355601533 83.49330300782827
0.36307718173772224 75.66314477851371
0.3809133029225477 77.39048048027786
0.3870725107029434 78.18809645415281
0.359288842162615 82.14343329875419
0.35496644104254255 81.97376177486287
0.3531471505978597 78.60052561722041
0.37994080165713473 78.49194587661198
0.39546436813031277 77.25715815465699
0.3619141996168409 79.06857968664086
0.35912059339372354 79.6910821967435
0.35282255987114103 78.63681961002881
0.3819721725649742 80.5809214180643
0.3214394294782942 79.27318724751967
0.36561639474839946 81.21990783367622
0.36060842524715 79.2507838186597
0.3845110732011839 78.62794672753537
0.3560160179121889 80.77332889901004
0.35497505878683167 79.99323019913454
0.33361967952480764 77.85273859168595
0.31811882011771137 78.7173197873308
0.33452630055388044 80.42731174553629
0.28986914321893376 77.62052133622431
0.3126343749573838 79.31537800581009
0.27658756679777724 78.57975888934973
0.37173149765719493 85.6363726643031
0.3557517158406974 87.15851546498237
0.336603447495996 80.96841684010126
0.3192397256825866 80.73208463013505
0.35060477406315976 76.55913382618026
0.3255888533677081 79.47994735060526
0.31353930423781823 81.21918014997392
0.35168566024632664 82.30740862125901
0.3383865523914126 81.92552308588148
0.30973523354613886 81.12215094563463
0.30356054291508006 80.88001968521607
0.2487260053614978 78.6216227723518
0.2873410094816504 79.91026355681157
0.31418731111153636 86.55626011301096
0.31905915427038184 79.0662675900422
0.3146870699262182 82.12018896875354
0.3057846898082091 82.11662893629595
0.3367068372693058 86.35274380141098
0.24643895358965123 86.64236643633352
0.25832109812499093 86.70190901096088
0.32959101100318516 85.58908987245745
0.2886939037031345 89.13543013901445
0.3376124789730018 82.6107239391668
0.28521433044845457 82.32393870611168
0.28163218097375764 79.5465069872397
0.27186355151719793 85.4497657049038
0.2805405627078536 80.78300246328105
0.29390871441827 84.72493401578869
0.2718992944857851 84.3474115389699
0.2806451026662755 81.01465474732518
0.29905100154217523 85.1683431928732
0.2874669474684498 84.5922482745741
0.2847761476175753 83.522662250955
0.2955677312710275 84.83096424316145
0.29858984899645863 87.80866951946291
0.3381058576163018 84.18009598874328
0.29246881833368277 84.53829055933367
0.2889631511155437 82.26870209316574
0.28608511394614483 85.89140217292532
0.31550845791225307 86.14638724991883
0.29039537159662143 87.2818503935103
0.282647825074359 85.78308541779462
0.3110605894737193 80.23569050546817
0.300567205187138 87.59187323067123
0.27388489495573043 84.43786649646282
0.27806550037125943 83.33701276007497
0.26559533023224713 82.5981860926055
0.25749420569508413 83.53562554747816
0.2701683595839132 90.13356799040413
0.2527461554305659 86.52255568515234
0.21289166340223306 88.43087844512203
0.243933000030852 84.61640743140403
0.24897474102504832 81.77873657510699
0.26866781122064975 89.1138955801671
0.27498382853033604 84.68971048296545
0.2614632365716781 88.63211573182917
0.23562494060447645 86.7955252608895
0.2492417290180371 87.16103450257263
0.2521984184837388 88.46371845705879
0.23795218734582305 84.07379883565305
0.24844379024377677 87.2053025037985
0.2764211787550072 84.0301224494795
0.3091067174685337 90.1813945354002
0.29281632785258843 84.19720703451996
0.28253765536999 91.14859527766178
0.2538592221110783 89.81836451368322
0.22378815840174102 84.48569023040426
0.24258264625529874 85.26582657005463
0.22834055097662537 85.97874171539723
0.23756391361127718 85.7192009532314
0.23682472923392994 86.24724804576417
0.2347781215114141 86.57268952680992
0.23567820727311461 82.80849213723664
0.19600851841819997 85.09619719322666
0.24334020089655958 84.1338382598583
0.2121617261578153 89.05233854956391
0.23987556063013285 86.29618087352152
0.2375148023101542 86.93682689872833
0.2000233455959265 87.65156969438118
0.21602458699709276 88.67028244813459
0.2071251381415866 92.39029279637022
0.21132800715340072 90.29664695449108
0.23920408649427696 92.41509995843647
0.22970611049066755 88.87333490345003
0.19029216978996255 89.67454820935922
0.22314780014202476 87.40686123306963
0.20585403830264037 88.57930194127657
0.20238470287302834 84.81775973772955
0.2334442986378324 87.37129410917132
0.23257393902213241 87.04046036894029
0.19992950855284247 85.61823517207876
0.21017642029182446 86.77174157680093
0.19193127761585776 87.92770389515017
0.20714435620373636 82.51649361714766
0.20491772450305795 85.62772551952494
0.2219996868444449 84.55957815651105
0.22758286467212058 88.1546167394829
0.16587852453566218 88.4323074406286
0.21295201347563084 89.27605401675943
0.21294578220099522 83.87968104542341
0.20921444756011398 87.20724637076779
0.22343416193623075 88.90807017161978
0.18597493098652113 86.17615815449513
0.24652010521014298 90.73532285031752
0.1968342488401193 93.09117288864378
0.19717135209855538 89.86340914134118
0.21494315359358918 88.72940232859033
0.20844036350552672 87.26339461233395
0.1787058368742408 92.48947817435963
0.2030409725932273 92.45679433142955
0.20177737625763723 94.75862589119816
0.17927642240698 89.49355703669303
0.18452710197961136 92.51592055696827
0.197395961677436 87.46213347424387
0.19242334076656606 87.90365329863847
0.21183431576181566 89.57612929362924
0.21069862357303898 85.9605622881033
0.20160521464075654 83.88847092475436
0.18887285979503357 87.19103924786786
0.16620877734117556 85.62234598907638
0.16866289963185488 83.73298052650394
0.22406814010702808 88.68555979793251
0.17653393503205195 86.18054530652698
0.19316177237210871 92.09957432763805
0.20736614951818116 89.47339926491637
0.1859655359922719 92.3765658253456
0.1795784808270544 91.24600756923556
0.1858525842846265 91.53126636372482
0.22876347081978074 92.79793546871034
0.16893131221097343 91.59302709265837
0.19042848455674097 92.27350461631133
0.1611670384257427 94.07240841837549
0.15353301252687887 90.28628197042042
0.1955646041670672 88.31162227083927
0.1562783044062883 88.3417391214831
0.1682366594145781 93.06333636909609
0.16992254470095303 87.87004169788298
0.17111744615593913 89.78381764357052
0.19897540708118863 90.01976746734461
0.1962167235990961 90.02505776761552
0.16700405589598577 92.73247741239881
0.1900274991843018 88.19154432867441
0.1708656234904044 88.61446866001052
0.1710861609325611 93.08873368226732
0.16904525979684007 94.79585761889567
0.1596864273616216 91.40253806844359
0.20667142027248112 89.0039986583636
0.17999889429879967 92.7514846128303
0.18615845757669522 91.61779475322655
0.17087238441048552 91.30123558464169
0.1695255479220745 92.70679573449377
0.1940354511352188 89.37573210717406
0.1462181403030184 92.74186904208564
0.15235757641601325 90.53966292934436
0.21084582191271345 89.6142328611679
0.15098927334033413 91.10178425430898
0.14933869168923658 95.1397672659682
0.1593314025549067 90.35348392394233
0.1690149710608536 92.45975007128258
0.19209139819395032 90.45205978314897
0.15362364880695667 92.45975007128258
0.18136357635187914 92.59182251012854
0.1379065385619082 93.52156843700931
0.16992881235259127 90.71902300153153
0.13490306862867402 91.33592435421322
0.1901761004818235 91.57706813389017
0.13396594163877001 90.59007604422452
0.17678156346316393 88.93745894969338
0.1890445530555102 90.54128829900509
0.1429719842085584 89.3134496259475
0.1781753919534539 92.07734353180534
0.1559067036653744 90.66686249876854
0.1475622137091986 92.88651051998121
0.16623292487357547 91.89951843031557
0.1668227125876732 91.20788188755907
0.17080843732088274 89.77553614349102
0.1720594439087446 89.96887551080597
0.1811127032067953 87.58579574027011
0.17379101182668827 84.71799700943579
0.17131902116534847 85.92917178281239
0.16427040532102644 87.01164113600535
0.1495259359668086 89.90918851150005
0.17638851543053335 90.75000666720209
0.11527966134946176 86.7596837029004
0.15742643463351885 85.02064798765275
0.13915513591915019 88.14580033332055
0.14649857187023274 86.64688213528943
0.12331646829743698 85.06511775026935
0.14855256121710114 87.90132602013574
0.14408554103271004 88.53020832122509
0.15560301954668734 86.82980610100901
0.14103019045191945 90.8583172924918
0.14631948408724016 91.65116619706077
0.15707801310967737 88.22105289299047
0.1705068287980882 87.41709784272923
0.15169222224573825 91.15327748887859
0.16424514201887738 90.40800298303583
0.15972614846393487 89.43469307911614
0.16188679635050854 91.4426676157804
0.13158840492067314 91.74715522812168
0.13806210935601446 90.5050021142899
0.14476427640689468 89.04038432038323
0.11408752183873085 91.36964273957706
0.15999912623296586 91.36856725223358
0.13570167674592906 92.93341706275635
0.15983639540481215 89.88187159868714
0.14523025383734278 91.05330855393744
0.11832850037593481 89.24694399749173
0.13813179507196816 90.10653920093233
0.14571312518883442 92.49185030103651
0.1529734551263485 93.51179753649998
0.13915441242371765 93.00267380380176
0.13408558586888136 93.66519319384889
0.15214966079619247 93.6984471716148
0.14883677169138287 92.40004890260215
0.13122323876541983 90.90818165075677
0.13690687935766824 88.99757366946253
0.15296280224405587 90.07548612943945
0.15430077176349566 91.10223118757432
0.16530518253633616 91.77377960575535
0.11622652497084648 88.28456164752703
0.1621017041744514 90.64586061408976
0.1355744213964125 87.34329229097627
0.14577380287100256 87.72028758031036
0.11486089801215238 89.93551208699401
0.126689007572554 91.42737933883939
0.13999011110662196 91.42737933883939
0.1250968832052234 93.23629078039852
0.1125558588917002 92.57377139035138
0.15420405015949137 94.12268031047279
0.14040464087838775 92.84747675382968
0.128511701877603 92.39237211768491
0.1650302041704707 93.23629078039852
0.1304950246047267 93.23629078039852
0.14402545788471782 88.3859899339978
0.1267130847472787 91.4524252504088
0.1169918923938707 88.93205121411103
0.17115170958620796 89.25566890495895
0.11953724670446154 88.7154476113312
0.1384803235990582 92.0126633265864
0.14324770308891094 89.74804939118047
0.1775476429263725 87.96243035084281
0.16461308568687794 90.35587556644796
0.17224434953405568 91.72323422358173
0.1341721915075947 88.5682821663685
0.1627456322638967 90.32257724853554
0.1320623596671274 90.96892753856655
0.13387502788855615 92.59661088380521
0.13286106742824402 88.83118119779292
0.14589274268523597 92.22086081836638
0.14100139398192962 88.62085983142168
0.13589750760032585 88.768384241361
0.11852123113193266 92.07734353180534
0.11010756217304807 92.07734353180534
0.14433036687425177 91.51522220684072
0.15938787794068607 89.92635582374125
0.11576193494416318 90.48847714870588
0.11785612222356791 92.07734353180534
0.14097260271602569 92.27956669409146
0.14229350106191246 88.71992110580129
0.11032477254114918 94.18547726690471
0.11721445653767383 93.88625497336449
0.1386734743322668 93.62335594194008
0.12937177299031422 95.99184182335043
0.12997802804533937 92.6910631299459
0.13181218941372355 92.6910631299459
0.1397463171792779 89.82107612724239
0.11217688257848149 92.1445856863242
0.1313915969797739 96.12095488454555
0.13506678654527496 93.45877148057735
0.1095718707952648 95.82980424710112
0.12142120564472306 94.56883756138166
0.12584037357836853 93.71723651104821
0.13646956193182835 90.54529721762161
0.12556389987171737 93.74428840609536
0.12266817971605351 93.98214152595037
0.12611622006698134 92.89898894447461
0.13625296758380548 91.00563103765548
0.12972550240834746 91.00563103765548
0.13726576333860593 93.74428840609536
0.13865420382524127 91.65381846481995
0.10897933957611414 91.14683412045106
0.11072359912948891 87.99957489712341
0.12856577371980124 92.04762402119013
0.1280554027881055 90.6069316438107
0.09855554338452671 91.18465183729714
0.13988341597851262 87.20774168759738
0.10926633313999366 94.32986533915995
0.1358863273605428 92.92196369607181
0.0978157341543505 94.16762397895232
0.11033888158214947 94.75341041657923
0.1369370763689811 94.32629290376163
0.1410991469152284 95.45843549449839
0.1222027544326344 94.62908763270016
0.12198680611083744 93.82298599110409
0.11310241849850107 93.966568242653
0.10822064348117236 94.75341041657923
0.11870922680744678 93.78378817107941
0.13109959790457854 92.33617725844489
0.12310529305526954 91.05280218319417
0.12606395376702945 92.45713139088399
0.11402496722678142 91.08129748740039
0.1314616803671155 90.83314344805041
0.11327352481184631 90.98429835614628
0.1389403930796289 94.81239898555299
0.12518396352250535 94.25179337166792
0.12590148993800143 94.25179337166792
0.11779208735648755 92.75992611982252
0.13208449080274356 92.41399740863874
0.1231113919843566 96.12095488454555
0.12851230733982763 96.12095488454555
0.10443343050019935 94.04330119507325
0.1108641490963645 91.20286838098656
0.11852417773645346 92.44803886064125
0.14306087798189587 92.75992611982252
0.11114930190570813 92.19780479485789
0.099171390058374 92.19780479485789
0.11205928312159227 91.10051363963636
0.14063858981310876 92.52902555369661
0.13821125847090768 91.96690422873198
0.09982069004331415 88.81957002199948
0.12264836539363273 88.73638577606248
0.11884879064740246 89.34271105256862
0.09535281195993385 91.27164164366836
0.1058854765753527 91.07916104955365
0.11511600799457335 91.44299836742238
0.12519154545639719 92.23801132635288
0.11845506605536166 91.82928565873718
0.10888764466879355 92.0297011851639
0.1262702017892273 90.83752742796149
0.11238418898308361 90.83752742796149
0.13549845451456885 89.13040349133313
0.10193832329393851 89.64339776141837
0.1370573447264134 90.84436376740965
0.12998872869052955 90.34427777369775
0.10807047938560847 91.39908895012307
0.12916001902814517 92.43073422134135
0.1211661825168656 93.67496409435822
0.12411080255998266 92.08609771125873
0.11093795095250578 92.08609771125873
0.10349100694223146 93.38394986701446
0.1094301942913459 94.1642008515662
0.10333226873520071 93.58332905884728
0.11274525680896352 91.9261240671716
0.12926402647166138 90.72960025147114
0.11777754554797586 94.35421850244173
0.11539992538126745 93.16204474523929
0.10834340812082599 92.89093764761839
0.13999147541548113 89.46063340048134
0.10125971312360978 89.80322926101434
0.1209763983339722 91.96958752394606
0.09637887019709614 95.46183442832682
0.09249506872250943 92.89526469943458
0.11959919353624386 94.79585761889567
0.10047664881637944 94.79585761889567
0.1229474836756115 94.22392595253793
0.10341296410263015 93.40098949830438
0.12195380789773257 91.90633682679213
0.12105865901680277 92.83707854363078
0.11273844410346971 93.40098949830438
0.10505348978317978 92.82272307625445
0.125353144996938 92.88487882377738
0.09192879634865085 92.78787969252328
0.12744016365393354 93.30399036705029
0.10351204675236676 90.92391425530464
0.11737735404828657 92.78787969252328
0.09871126010909599 92.80729059664323
0.1212071065611635 90.94609131431719
0.08989671649107676 92.16153441859619
0.12083577190423134 92.34216840293267
0.1230697857900139 94.64523272978546
0.08365801200911781 94.06696630773553
0.11943779698927344 94.64523272978546
0.10139595112124963 95.2073540547501
0.12175707642337273 93.40098949830438
0.12470186889392244 93.40098949830438
0.09584165459757885 93.40098949830438
0.10478766393201949 91.97247758424415
0.1079039570786287 92.83886817333975
0.11547433657096003 93.40098949830438
0.11983964121638721 93.40098949830438
0.11704141916678093 92.11017161274924
0.12764393974287094 92.80436537655986
0.13535204662974692 91.48594298696595
0.11634349869326979 90.80776171456269
0.09875114830337735 90.50496698562416
0.13092683021451262 88.9223099847729
0.12005212385135478 89.4635515126316
0.09687640808612868 93.41070278747392
0.11499578197441648 92.97834277068992
0.1251777151363806 94.49453613107015
0.10525680149608112 93.88796828265005
0.08932933719393445 93.5742486186768
0.11743111495524443 92.39610103080466
0.08922522477163627 90.64728832241003
0.08853043743419788 90.37464672281422
0.11809838258830752 90.37464672281422
0.10524401622452528 90.07542442927401
0.09166759410361774 91.74593503595469
0.11413922025591733 90.60554728894013
0.10699578923041098 90.92516665140911
0.10185930127359306 92.86614460655991
0.12044637466046011 91.29651712793135
0.09905556254118401 90.88459141744984
0.11373035651812684 89.76808410999233
0.099480846043789 91.74593503595469
0.10254311813906307 90.92023706164886
0.12471433704493781 91.47006125159655
0.11576021624573676 90.90356977135153
0.10050578240405304 93.35717870678428
0.09433164110966387 94.3352231769041
0.10331340062402952 94.3352231769041
0.09212218641607013 93.06087146383032
0.10096685194606615 96.04234711353246
0.11146367071338625 93.4509331667845
0.10510174331671374 92.51161017312197
0.09607777547647124 92.51161017312197
0.10915407615618368 92.21238787958177
0.10517293235806927 92.71299614573599
0.10034216409386693 90.57837759342209
0.09484593216007986 91.87533837404825
0.10542867254175456 92.4056248378416
0.11509836113339983 90.81435907072431
0.1026892271869852 91.63008382662196
0.12429854540221492 90.88469857350019
0.10726449851378554 92.3765658253456
0.10715779635465988 91.7591363623128
0.11315804815725405 92.3765658253456
0.09264106344847495 92.6910631299459
0.09337945676030816 92.6910631299459
0.13014528156291733 92.8608712556676
0.10883450281115621 90.76557187085525
0.10316920866439551 92.81001617182937
0.0941309922634966 94.51714010845771
0.10648368263184828 94.19893293896513
0.08623962394434051 95.57184714892706
0.11265364267489136 93.81603658235937
0.0861613630854919 94.21142568599751
0.09522934884289448 95.57184714892706
0.100552214684883 94.21142568599751
0.1077771130500237 92.4050611295518
0.1427835417525103 91.59298862992674
0.08500232111544956 93.34343142602309
0.10138525282712861 94.09539233763572
0.11544788343533792 90.73436357291268
0.10285284298371102 90.27564058890128
0.08659523388751926 91.50818124472057
0.09351472369540824 89.10771006386967
0.08454885244480505 91.03444448349957
0.10636998620715064 92.63966268165491
0.11055304135754966 92.90360599637721
0.10768236921201715 93.35211137100305
0.08878187370489353 92.24302169222231
0.09136829565091145 92.31115574116784
0.10685181931349579 91.17858560712841
0.09899703338302361 92.55674135619554
0.10820715032918568 89.56488431535044
0.09632121939277188 91.5404818371483
0.09596178858472837 90.86921598670558
0.11475345049126733 93.81244477974641
0.09807682855018099 94.00338200149231
0.1132074810292074 94.48371063018914
0.09366785350282815 91.86144173464271
0.1291937066366217 91.91570758968597
0.09427224909530667 91.9344609347108
0.10922327129796658 93.32186349990657
0.09545942795660689 92.2882726417492
0.10300966644342553 95.4008715518186
0.11406023788614247 94.46999679813453
0.10307812353598188 93.03869661494102
0.08926439104152825 95.57633465444641
0.10587258857966986 95.6226945684837
0.10082742271422958 92.31267122556848
0.08692097242329869 94.06696630773553
0.09477549963865582 94.06696630773553
0.09849562341598982 94.17535028991605
0.1119162503943015 94.17535028991605
0.12403476878097124 92.15743710918748
0.1046854855328594 93.83606574160962
0.11726452533320751 91.7304788916237
0.11742513429670642 90.9131938777064
0.10092904669673096 89.99968984233307
0.10305969404035432 91.70681377896142
0.09748256808212964 92.00603607250163
0.1124526413730704 95.62131207050648
0.11153324440318345 94.40073395168767
0.11573628875958067 90.25981283135579
0.09174019143845098 92.0297011851639
0.09637110359829289 92.59182251012854
0.08372887249464246 92.2781028461553
0.09087422357236878 95.89005431841963
0.08789773530863568 92.49482337887444
0.09915170686911738 91.91267289465958
0.08371784910303941 94.98450478548038
0.10146434722789037 94.8875056542263
0.07388030378381494 94.33793699525575
0.09412263554812783 94.40073395168767
0.06765790413494474 94.40073395168767
0.08869215653876723 94.13679063696537
0.1006267137079236 94.13424375185195
0.09027853870131619 92.37994866968491
0.1062236408338264 92.6438919844072
0.09956112847358749 92.40434991515636
0.11102819925565317 91.83297175722336
0.09640933659011318 94.51791169935386
0.12368873016599985 94.28294225086094
0.11081676310440791 96.4078187223364
0.10200450768040044 95.06882968887386
0.12166447343261425 95.8194831376273
0.09587676010041067 89.87639722392927
0.09693538962022313 92.57254316298777
0.08906195745460073 91.65085056154227
0.09245819112982887 90.52812362269256
0.11494626120809379 93.20784877303606
0.08616791168082431 93.20784877303606
0.09510634238964485 91.48637326027354
0.10993579542422388 94.08368976197393
0.08396369762565342 94.08368976197393
0.08978661968198445 92.04173266824833
0.07509560430002661 92.04680166122925
0.09015588778957603 93.7699700980007
0.09350078294293843 92.3765658253456
0.08527779986296508 92.37401894023216
0.09193663090353141 92.3765658253456
0.10552741856449313 92.3765658253456
0.08776773651725672 92.08708609997677
0.11419465808480309 92.3765658253456
0.09879264655285404 92.3765658253456
0.09705900414601626 92.27956669409146
0.08895366577890657 92.06284616137232
0.08917516756559095 92.06952927512681
0.08194232619402332 90.88469857350019
0.09633963307809078 92.3765658253456
0.11020910559284451 94.28386970993361
0.08329336567604961 94.18293038179131
0.10150184970695783 95.6926195298102
0.09766313071436948 97.69896575997878
0.09176483483177214 95.89260120353306
0.08881636656388835 94.25179337166792
0.09126146861748921 94.31459032809984
0.09575178799929453 94.31459032809984
0.10381275675491543 92.59182251012854
0.07625822166166878 92.50451590676188
0.10541630349059956 92.21212605091824
0.09163260899680672 94.06696630773553
0.09863404082619683 94.06696630773553
0.10518762680914304 94.2519380586033
0.09125651572464649 95.832821989382
0.0786964583816954 94.62908763270016
0.07627588960910728 92.82272307625445
0.09889771213199239 92.82272307625445
0.07471661864709395 93.69091287162854
0.08919568064367747 93.40098949830438
0.0849184775512733 93.40098949830438
0.09362804917643489 93.40098949830438
0.10060787851827706 92.81520306067746
0.10740913913663745 91.06090797851043
0.1039201577187057 90.66357448578133
0.10742697478603802 94.1021736479211
0.12633779731202394 94.30173795582134
0.0735300512598641 93.54005232295646
0.09203919940882982 94.1021736479211
0.11838370914901183 93.57992864157552
0.09844768777805242 93.59680894049205
0.07048258006760223 94.96813051038224
0.0957763313102874 94.94492622442844
0.09814328706376821 94.38535178457721
0.08828280526677354 96.19171634102293
0.10320389059968738 97.94601142318999
0.08416744796276053 96.75383766598756
0.08628839277092702 96.38550164262226
0.07945423467820524 96.10259718485096
0.0947145294413302 96.10259718485096
0.08304767329668525 96.10259718485096
0.08425732912475808 96.10259718485096
0.1003464060743477 94.89285675014976
0.08838080620978177 94.89285675014976
0.08136779185761184 94.5746495806572
0.08354879594651282 94.275427287117
0.07464652910538075 94.275427287117
0.11811367674715946 94.46286439646843
0.09590198641040364 93.86670161950127
0.09806389442439462 90.895384430124
0.08820691897987151 94.89285675014976
0.07963338522692774 92.83886817333975
0.08633471943860492 93.40098949830438
0.09779533881499222 93.40098949830438
0.10245500505188711 91.693865561676
0.09315097107588348 91.693865561676
0.09142991499138167 91.693865561676
0.08413797308988899 91.88130267102746
0.090670656762113 94.3321248650334
0.08442574468910649 96.80100881152626
0.10314986225792669 93.50277700323515
0.09648482821524017 98.50813274815462
0.0901384431418455 96.63897123527698
0.09378271901105315 95.14710398343159
0.08848169662902354 96.63897123527698
0.07665320653962246 96.63897123527698
0.07115092770108802 93.52316429274023
0.09217331874498973 92.9610429677756
0.08707548019544657 95.2073540547501
0.11134532673496529 95.2073540547501
0.09633381605075682 95.2073540547501
0.0865357997488355 92.68156801482151
0.08704637323291586 96.07684991031233
0.1023154567560791 93.28079352828577
0.10676978931856097 95.23155044869159
0.08596561634141349 95.0473017419123
0.0999506334738618 95.0473017419123
0.09643293215374729 94.98450478548038
0.08539650607411643 94.24792569532195
0.09153372126141086 92.3680685933806
0.09708781223745812 92.18309684251282
0.07664819933888914 92.38150114375726
0.08506724235578439 92.82272307625445
0.08575000540998115 92.99226383068866
0.08434231106709093 96.29304252409318
0.10929372768704983 96.25936975785172
0.09111865421994741 93.58596124917216
0.09532992361224445 91.51371106361157
0.10424232389812574 92.25416938092026
0.1016439885546966 92.47399953205777
0.07899146869204153 91.59873336906206
0.09169011638622432 93.07194231163867
0.11148461109017224 94.39818706657425
0.09648232492469025 93.81240062894734
0.08513822823514919 93.81240062894734
0.09152033233915559 92.21212605091824
0.07970926708761643 93.83606574160962
0.09755143994770302 93.98478603213817
0.08981237009091377 94.94341074002779
0.08789477779272589 95.27391060849985
0.08963184366862094 96.57846695522366
0.07189578389330424 96.75232218158693
0.0876396989709624 95.94315519341109
0.08838752900077002 93.63252055438302
0.09232600092269795 93.78591621173196
0.0937233891408299 95.61161145994092
0.07745341603952972 95.53442952579536
0.09399724718624711 94.06150244712197
0.08744017428243878 95.53442952579536
0.09572715377644221 95.53442952579536
0.08569686354661255 96.02033712755664
0.09524804970307482 94.71523125628799
0.09348227342635396 96.20709850813338
0.09169188664278188 93.53073841494715
0.10485419968923598 95.74837552412198
0.09515872611562975 95.55047398108243
0.08151414804879939 93.83606574160962
0.10814478020022117 95.64497718316873
0.09017307297330758 93.83606574160962
0.07972005622326503 93.74410942463672
0.07777072477593386 92.59182251012854
0.08601735070860583 92.59182251012854
0.08803763286840831 92.59182251012854
0.08199104583181889 92.52902555369661
0.098790562224097 94.04845726988692
0.07425948360928394 93.51430961042094
0.09317459844256702 92.3438838100597
0.09870249375073278 94.96034260285484
0.07438836577806801 92.91662546112724
0.09389261322849356 93.78534106428086
0.07369724694333739 94.9106786463233
0.06939180472428658 94.84788168989138
0.08736642851550988 96.33974894173679
0.0921643310956698 96.37749998659928
0.08867565476751167 95.82427947611876
0.07355017970894749 97.00535644545991
0.09620245526964863 93.45324670959499
0.08845107828799065 94.01536803455963
0.08762863192858403 91.26257082928983
0.07874756976423791 92.32438919501658
0.09222350019378521 92.88651051998121
0.08126985063047089 93.18573281352141
0.08939445873722063 93.18573281352141
0.06877193993576726 91.693865561676
0.07572874211174012 93.18573281352141
0.06890000751773022 91.693865561676
0.11674934963600826 91.8788373125438
0.08216455009519781 91.84258585220458
0.08904269011058019 91.40438583630721
0.07739391053895446 93.50023011812172
0.09567369920147466 90.5664914040076
0.08833803461273117 92.6910631299459
0.08855006525743071 92.3765658253456
0.08025228312572379 92.31376886891366
0.07903604024475067 92.31376886891366
0.07002827178046506 92.31376886891366
0.08757263365992564 92.31376886891366
0.08218924537574382 92.31376886891366
0.0818786297605159 92.54466943503957
0.08362651612950699 91.05280218319417
0.08410669028435604 92.52902555369661
0.08680634298422188 92.75992611982252
0.0899449708794823 91.05280218319417
0.09657942683938048 92.44171895032994
0.07731150863758937 92.57316473924578
0.09701959535158211 93.70268563604942
0.1055567729547453 95.50352542151276
0.08773625434340179 95.50352542151276
0.0930028358634032 95.24062639008835
0.08537104614042315 91.69160004998804
0.10366998848471685 93.87308192212203
0.08203410282106943 93.87308192212203
0.09506299404536774 96.13709998163085
0.08085580697065593 95.64755252416256
0.07444909744307018 93.73152320766063
0.08899200686488648 93.73152320766063
0.07132436595235131 93.54476182708389
0.0699973262327232 93.84398412062409
