2.456314374005771 5.443802389643716
2.1666395835647205 9.327545992114292
1.9286969254123287 9.913950216050202
1.8097087386336446 16.46454753635878
1.7624232547641858 16.0517106138746
1.7059190840046377 12.78065727076877
1.6423933515353788 18.328823268765266
1.62806768071682 19.359310685905978
1.6150434768309767 19.599385925676092
1.5501333895095404 22.49434023695401
1.5249208618920886 20.878651858635706
1.4519712857252893 27.035332710790744
1.4391731348861827 27.471918915880895
1.3975242522601787 28.41942019503391
1.360137694366904 28.884239993109862
1.2979242100599255 32.26452942268605
1.2851897544540145 30.70648708420163
1.2866687479126768 30.012589335988867
1.284587953719117 34.849008356213766
1.262041340636468 32.194363892603185
1.1856185251892757 30.217615054025217
1.2187312820593699 30.3245913848158
1.2244154860105245 31.07585955692909
1.1904618465200028 33.94684013257374
1.1574542931458571 32.7126453981571
1.1830163944929957 33.752457475300474
1.185458780793178 33.67460988618599
1.1189975133940273 37.73192389740808
1.163342209935088 35.010359170463886
1.1106459255231786 43.57572080107134
1.109101471161881 34.930387591530256
1.1155548136261186 31.52828559987411
1.1326787361428057 41.71937696580153
1.1298657510635042 43.041774197641956
1.044892664400976 39.3380122180302
1.0930840581241632 38.80661770023325
1.0657482254389414 44.33255740680992
1.0798454871061347 39.91518244135598
1.089292804738682 42.68310856650291
1.0306824433246595 39.028200625909975
1.0613694841361598 40.72366855092995
1.0639870118467587 42.03584641930649
1.0626107088176062 43.773216879863256
1.0279180956662244 41.79927768119751
0.9863539047172479 39.498367165954946
1.0448486115338957 35.26747870934026
0.9882335321862308 41.94068994648317
0.9310399767007322 40.661150825101586
1.037025217674328 45.81693437483478
0.9806861254719302 37.94419711899902
0.982245038665169 43.545591124780486
1.0393331159652204 37.91646503915535
0.9688416120000151 42.89676385522831
0.9353526366019227 41.232329594930164
0.9317853652887526 39.92010445183275
0.9662789494565908 47.574810360152426
0.9467655677270171 42.56514511737955
0.9038314375880091 46.899676683466524
0.9487624381727809 45.83790370713766
0.9731522481424627 45.75523786000414
0.9132317182914738 44.03632438207499
0.901050478723912 48.92068036068086
0.9831041863600166 45.251167664198334
0.9263220398531514 47.826882151693596
0.9515330079700934 47.575060076059906
0.8900164307836672 48.96419958252031
0.892342624877045 46.41259544704535
0.9076640643960332 51.896060827977806
0.9170374007551371 40.0233089446144
0.9040951824977053 49.10137413386137
0.8734301225609629 44.35374321438036
0.9212788864724957 45.51975790311354
0.875418204922228 52.63244554351098
0.8823024544585645 42.63093812949639
0.8691332124902044 50.537852128775846
0.8592530223040156 49.699427245203175
0.8513381456093467 51.3752682160211
0.8717497214200203 47.18101609498868
0.8552508292936994 54.09730660690738
0.7931803129244434 55.14599868103662
0.8182430157906303 53.32331828862889
0.8342617540030456 51.839054250844605
0.8546758892854254 53.49658875721951
0.8495713072574436 53.86733075077213
0.8225447361195157 45.838010019869984
0.8214036642555499 50.98384983073223
0.8597273066645515 56.84288677247738
0.8586444059360873 51.86207366102749
0.8154611311682948 52.70250112080517
0.814287485738321 59.60676164108745
0.8448075470101454 53.66200182029334
0.7438788539567491 55.24149738490479
0.7552970068082256 53.96716271694841
0.8387242868487806 54.094338290099486
0.7884267993639765 60.6065568465534
0.7946648986380389 57.7626028891675
0.7715041714888246 52.71532963120173
0.8348913085847235 51.02579448781212
0.8084034270164581 50.96332493096752
0.8175119502663303 53.89497886352722
0.8148273431847558 56.79485689798877
0.8163598129312901 57.13971811266814
0.7523937373117994 58.50728107917919
0.7953647818754992 59.72668740917168
0.7516656607351835 53.70969162998511
0.7946156210637865 61.53114858223607
0.7895105507242276 58.2526874139167
0.783788031650552 55.87500069490801
0.7925429812301528 54.45113900245333
0.7486441078754403 55.40608344546079
0.788778256443208 53.92298569159058
0.7758494135593493 61.86841044090879
0.7868610732155067 57.228285524847344
0.8256353573836581 58.61270183504244
0.7571252627301768 57.57480045962208
0.7789540983800327 55.4057725336712
0.7797286285150423 62.43082296465466
0.7005167981592703 59.699461399256606
0.7457020342137922 51.737351845114524
0.7726507293736815 50.15330607503876
0.77552537907438 50.084919112241295
0.703937849913062 51.66817215679112
0.7418719069099498 52.90087135876554
0.7754585564683179 54.39237911547703
0.79608618438324 60.32551986182207
0.7713739176210996 54.233971247391466
0.7272562618495539 57.74540841874234
0.7787071291994562 61.8917738484177
0.7274306429041396 65.18941741690261
0.7556115389562525 60.242117856716646
0.719893158465673 56.735986211109235
0.7363337961332677 56.565150074753866
0.7535574133217388 60.64357570205996
0.7132462966010095 64.05181136368289
0.7097409489066305 61.33572552860315
0.7171527756108959 60.40663358303751
0.7078896151991027 55.743974631681496
0.6609157471429261 61.17499038993602
0.7247526045940239 56.65176832682096
0.7051888698857407 54.96330997077693
0.6692958064203348 56.074500032557665
0.7216713946831996 60.249137141553284
0.6764879668865705 61.50098195094596
0.7397688403915582 51.862786767310965
0.7125907047018585 59.69585331384858
0.6932251656610193 56.12144362758163
0.7021346119409494 57.33879967644754
0.7047423464721787 59.881383567470564
0.7005837887612917 56.561621610004266
0.6504681179835125 58.98404926022133
0.6788053780291647 67.89538314419976
0.6822318707435754 60.838604040744855
0.7006663755893533 59.79422350850511
0.683038189116847 63.85920963937778
0.7209635056516632 66.40909174187112
0.6761427353797635 61.810451553998526
0.7074745764601899 59.93454376877411
0.7239539211754842 56.583783269836616
0.6964127286087801 62.72377542575861
0.6868166595457151 63.79999798406307
0.6684739601745866 69.16324138338156
0.6398360995145965 67.93682935972153
0.6269558775575765 69.34559675810023
0.6409538205923858 67.05560720892365
0.6143425320740571 65.53652317666037
0.6260830272301947 68.63874258301723
0.5752237243363632 67.0627377525387
0.6764624205917794 57.8690667223932
0.6378654608474068 62.949764830786634
0.6973118011233623 69.94383393786403
0.6886597187516471 59.67796648691661
0.6216618095751774 56.46735391872992
0.6392463061951232 63.0318388125592
0.6711121909076465 66.12650493330833
0.5808683106367769 65.34249825420484
0.7147072558744129 61.86888686628946
0.6727268616574025 62.08741984784036
0.685943265865031 58.42775553224592
0.6455180150728129 62.94175791962517
0.6419104073158983 60.57704171677812
0.6650949035624263 62.00434585198208
0.6397206698566991 65.55602884244493
0.6244265640853279 61.82169728856753
0.626622077931483 63.90720684971592
0.6330998523012751 64.78326283679692
0.6425160766031692 54.355737056782694
0.6595633543623545 55.93995411840617
0.646425508823781 60.13134035090816
0.6704033235734094 66.89968478276643
0.6491102723517922 63.69286211792
0.655301191880318 62.834460132120505
0.66104766058442 55.95447240117427
0.645215677183587 70.09199968469645
0.6127137966249462 66.06910592674346
0.616757664771703 69.04889558396118
0.6101632686026967 58.23471058439347
0.6504606627722032 67.75532724116614
0.5997352137474197 65.30723968261456
0.641483619025427 61.10305210534926
0.6184706368293797 70.16180045356711
0.6389989332572413 61.85441821815777
0.6190286871411946 65.91017178960809
0.5865871236690777 63.90980597595015
0.6000072810419965 69.55640467382992
0.6267679245059642 67.27208540246257
0.6316978401836767 61.02300893184065
0.6115314474297344 58.87452956876732
0.6211938958925487 70.01784970639042
0.6314728071702899 61.864171923377924
0.6408610830974424 65.05744345517202
0.6032051727648915 63.14850454556079
0.6001603899452198 66.39002589647475
0.5749585187196646 68.52595159658142
0.5749743941013801 63.5790981999085
0.5397961288850287 70.5080656729712
0.6094463079931581 69.31359696864453
0.6468595261681286 67.15245974368713
0.5617973729509046 72.60150780011314
0.5900551143736196 63.75760802013837
0.589083542512672 72.50922108155385
0.6058592258742271 73.84895401890718
0.6431940511009527 68.87485405314212
0.577785534623664 73.01133522635921
0.6344659145118334 67.49074719030975
0.5524682519114302 69.82029175443924
0.5604588356184859 65.20092270604249
0.5581244014271882 68.91467355305811
0.594869348512248 72.96541689255905
0.5935089555743199 68.1735043641114
0.587098539027021 65.16757040418382
0.5914879098920846 71.2806092169682
0.5578788636349289 68.0993739892818
0.5389563837440863 78.10786304099304
0.5805102671133209 73.99782101345714
0.5824812461158315 70.89389411894449
0.5387552372666157 70.89604472252141
0.562707228650565 70.25309249220074
0.5365364582065791 71.24380797061573
0.5654339947629681 71.6193973041355
0.52964324151233 72.38575863810826
0.5658506094976847 74.53159886740136
0.5289420494941002 77.62504053670479
0.5470559819571159 70.59778502454343
0.5131440703807998 76.45612291992198
0.5739210359412416 75.89637731421654
0.5768379808743614 74.42329150199006
0.5524333503810603 73.89539062022153
0.5240770929698247 75.10825384938158
0.5226506380917252 71.85598637575174
0.5477905054711674 73.1768457637059
0.5393927406214258 69.22875063914788
0.5375095209899162 71.2637212731383
0.5344318592313582 68.3086533258276
0.5050701545997164 69.5418433799313
0.5036125449681532 70.16536314449273
0.5245532721490885 69.70854773469628
0.5217224845061863 80.70822450531145
0.5066297998478321 74.2756080224395
0.5252350428693376 71.26503620177449
0.5554864286865138 73.43826986350405
0.5522769692901418 66.46896995400459
0.5554106383490012 67.33771403658179
0.5610514027023535 75.64716061365
0.4822483441363395 75.65563839273636
0.5105808286999345 72.7854518092799
0.5242437633274161 73.27716426890463
0.5014583759829727 79.2763020532313
0.5430323126794042 68.11570265344687
0.5260758604311189 72.61361214678776
0.5094179756617526 70.90707154854357
0.5216801889376375 71.24935103404513
0.5012014352195348 72.5076131492276
0.4980075995049328 73.87534035086695
0.5122803941129377 75.90680548395252
0.46877171206911655 76.41954516810635
0.5201519895598805 71.70065169010108
0.5075622718511625 74.90563231101166
0.5160394509843891 83.13846417565338
0.5305161119123625 68.7446677822405
0.5038527223214783 76.7000000079346
0.49425867506085275 77.31133767248286
0.5042221490537361 78.64223967562998
0.5242258469208555 76.99464861312657
0.49556254498112945 68.985063639458
0.4966318693585151 68.47443084756569
0.5072313489017902 75.31397453863087
0.5205041411153974 69.42525245181622
0.4596316047055017 69.02538533064028
0.44942450442607207 72.59113723134854
0.527284780207488 76.09247428787712
0.5046207898067869 73.4971579206136
0.5094850456362936 73.78620918351388
0.4696842233357237 81.40731536729706
0.48036143267778236 79.57644816823152
0.47893045964513725 78.61850047447139
0.4725854285812678 73.92549441270643
0.48146709303551416 67.82062411038612
0.5289263246050032 75.90723283373534
0.47684861349001373 79.37818740687358
0.4899839714843097 76.11174120520393
0.4535001602656723 79.5134686985281
0.4964843725691424 76.80126092684115
0.5162843815980367 69.60974351493326
0.46471150598211847 74.87334919971106
0.46712052515040386 75.63481485271333
0.468014699983103 79.09112378281226
0.4936304825266577 71.40140914444096
0.481973695943261 72.79720125818827
0.474689780361079 74.10585917342506
0.4431048463617052 80.71701833444497
0.47783668059244483 78.20800630018415
0.4638117746303429 80.9847352388692
0.4859372395355229 76.88013517454155
0.4816971963346622 76.27024725682566
0.4983520252385315 74.36112208602712
0.5305366847927234 80.98756729597415
0.44074332353616663 82.14154661522947
0.4875936800061746 82.47345108603194
0.5034242307304662 76.40851168565115
0.421486016123552 83.58660170337453
0.4461865748050576 81.55748069866576
0.41127489236080134 78.78059900517385
0.4720094265121716 81.15796427061869
0.4461852717972596 73.55418688471418
0.473767141909719 84.30362386921351
0.4609485860335374 81.68596706247483
0.4502058018767811 73.32640525224036
0.47862024882154386 74.1600348325389
0.46925950865558247 79.32470923224659
0.4541704717570809 80.66198537303259
0.4421041398997823 82.35605484391915
0.4329885338155887 72.9351327797723
0.5137842830740135 70.78489550214742
0.4539064682462859 77.54909813436406
0.49462475702101716 77.8206342176737
0.44028453699713477 73.944706944528
0.4308570501702577 76.39094934209614
0.4638567677710307 73.54161338222649
0.40620045203143135 78.20012695602016
0.4367255261889836 74.56791743700093
0.42914581668196733 76.29501475367975
0.4253612826371344 78.79173281474834
0.45597759925532483 77.6635600042648
0.4050465919745193 79.54184659446847
0.4031714984961798 75.3999928424036
0.4308689311949997 78.75889483823548
0.43382469953853486 72.24725621369747
0.42475950793065237 81.07082105739418
0.43015883203129723 78.86381815176257
0.39952106238437773 82.78884982295808
0.4138462587900995 79.08440861171033
0.4052470407907063 76.0959115602192
0.40660781964743486 69.41122255063735
0.4166043105537308 76.81442830777829
0.407726086316959 78.53183117476317
0.38817534445876395 78.54445964397452
0.43216890924047696 80.38679115483575
0.37592601173978657 77.44620429937946
0.4234811436759806 75.33220748174239
0.40529297394032915 72.67877354395924
0.4014951155747092 79.41022393366514
0.4202093808947333 80.3981963582561
0.41619585333256764 78.21134663772398
0.3870873648952895 71.94042129015934
0.37413499061475486 73.88874985585625
0.3614695272439331 72.84340027865794
0.42876272995275383 72.38301572234401
0.3978413005942366 77.78080503871126
0.3985859026869002 76.27256590655988
0.4046300433243567 70.40704869165148
0.4063423105802139 72.6995749402074
0.38646918624698473 73.01625604894856
0.3814497972159589 79.31319374641954
0.3986175344733457 75.2279979087687
0.36349964194479445 74.30305362557895
0.41254053221007325 71.9330270451024
0.37045807400512737 80.00492473297254
0.41587829173008334 76.59076703754121
0.4069050534908246 73.69939919933357
0.381544718980339 76.71796943811945
0.39512884093888434 76.6720821275838
0.38201935029968426 79.1016145273818
0.4323471089298806 76.50711248378097
0.3950866289888266 76.94471947671562
0.38004846038571033 76.59980815123384
0.4154811004840054 77.61001336836077
0.4017506341417681 79.11359580492076
0.4160006741858042 77.48811418862293
0.3985415498845658 81.53962835273902
0.36983075157421497 84.8669961734049
0.3875334872629612 84.63257244286821
0.3865473356318201 83.80273217121581
0.39264066220453514 84.1955269103323
0.3673565699175138 81.65509815316352
0.39940481804926037 80.39089456281859
0.3722679815993456 79.93066928259499
0.29819495045523714 82.01734236789017
0.3418226874518376 85.07495624316043
0.36183800473837985 79.36486319487749
0.3593305809207594 85.3590933361771
0.35725418245733853 81.7439990374808
0.3415455924315191 81.88212354096953
0.3681412903763811 80.9464363393711
0.38795523125560394 80.33086445387909
0.37722691054091634 76.71567349401774
0.36212838381901985 83.19093819253348
0.3740107140502888 82.85289615249154
0.35533050292963414 82.14073598450679
0.38984798234746676 81.516201561238
0.3488885916698249 79.20570928676803
0.33787814806598987 75.11563474630309
0.388945713979741 82.75428996919209
0.3241769303589147 78.91023547130956
0.34640059889864616 81.75267856071197
0.33375581734353194 84.90944161684692
0.3434416562673183 81.1560433546614
0.35181822713683664 80.49183649743753
0.3258856988306291 80.76421260733503
0.3507847399009416 77.43313019456862
0.36010090875275447 79.90393197007899
0.3156678531342489 77.30777128692003
0.32294888600212074 81.7500272190153
0.3190638311029091 81.37277819185985
0.3393500605393625 79.15798039728035
0.3856262750819135 78.47353786303894
0.3525754215250287 79.9940680140187
0.3555381306277862 83.43825690028842
0.3372206445193939 78.90960984692646
0.33955523267035354 81.58727617745406
0.35404305951404713 77.03861778450486
0.3618377857492888 80.68304248638557
0.3286274523742913 80.45713141010195
0.2516491971140974 78.82452659821787
0.33828322218759166 80.65341625786513
0.31003446962102665 84.38119343255255
0.32673063935328334 81.67807441310441
0.30649627491117293 85.58355598642196
0.2853197715080002 80.68266020473168
0.31845596148251987 85.4795968938557
0.2811392365151559 85.66195848930185
0.3406716252647273 86.20537112478569
0.33695521041511445 85.73848120628624
0.3075837884816878 83.74261670105929
0.30168215947775934 84.75660536809782
0.3296690751278382 86.62075860232142
0.3093173626280199 85.70072359061346
0.2997974908027913 87.31776092736395
0.30882360191545466 82.27813595268485
0.28040766900959757 82.71684907213826
0.3574981741896428 81.41517461766509
0.30574031363333376 87.48680447034097
0.30469033749765717 85.07447056461712
0.2849616012509246 84.88557779288465
0.30704592773795725 80.74200502996243
0.3803196662382759 79.1405402321275
0.3104519506594378 84.51817488059508
0.28074601980720293 84.4941872580864
0.3056139390665008 85.05480678777798
0.32368398412423544 87.91771246181753
0.27438996053481773 83.68966100816901
0.2652282994203803 85.34380377980904
0.2521993820517582 84.50846481972262
0.31749008146228525 81.1355449873611
0.28213283531637406 76.09511076028072
0.2727983925332224 84.50012022750485
0.2680407075287247 83.67949615472824
0.30533384058239055 82.87924479479697
0.3128100763962427 84.11271602566225
0.31431230553659845 82.52500088991552
0.2760355252779786 88.66655560416478
0.30291571146776425 80.3036798147205
0.3046419308625026 79.40342247494416
0.31272610718949867 82.34534917754264
0.32124290407544337 83.17607839700345
0.28614707940435163 83.81686335756476
0.27317868350227376 83.7216565420336
0.2632736586767542 82.39892287774053
0.2613813593196606 79.42399502539375
0.3094440929084907 86.10482720119029
0.25025380360157734 84.00213744170058
0.26756102501726453 87.45594515868147
0.25936689796685336 83.67499610928617
0.26318321835673225 83.9210731243248
0.2737629671671513 81.45641646030941
0.29646451723056405 86.62420563053281
0.28161323716628245 89.56279333070869
0.27644575344919675 87.96006872870124
0.27026737505827153 88.6158379666772
0.24595904662642745 86.78199425051605
0.2619101235774814 78.58357487550727
0.24533401066916857 81.28403449444085
0.20665008429205264 85.86495367451882
0.2649613605017641 81.41601003232212
0.2392110050357499 80.52166085236874
0.2835529880869965 83.4946031920478
0.25915958667044775 91.02925994074992
0.2623103735909807 88.39337025168975
0.2782908772807476 84.66074307668
0.27683826434979736 82.35535670692452
0.25285941934964135 82.81793559289487
0.2877307415715743 81.68486323701438
0.2555085480815622 81.41444215202597
0.21013078407747823 86.1394622312023
0.26459863457125876 85.5971008870194
0.24948611336094104 86.71654177927402
0.23891307899167175 84.38660107085539
0.24092332510348147 84.43209866426704
0.2575959648168896 81.21986858363212
0.2550225665887261 82.26991106375758
0.243667619555247 84.8572390314983
0.254337772347657 86.21858255048052
0.24072507610156993 84.13185693147835
0.23693235847414304 83.53416913702627
0.226154853319808 84.60091481666521
0.20988060848839477 85.31178147481086
0.23505064051736335 88.54169060491466
0.23108068415887148 87.24074905490487
0.27617329244169947 83.0201349680463
0.28795774766522664 80.13648588770496
0.23883842470656044 85.2248229494058
0.22228266111765613 87.10201594637097
0.22265542146437456 86.65665042791846
0.25680226084327334 85.69907220958657
0.23940733684258322 82.86093256877503
0.2484013610172413 80.84754911705936
0.24240457711884425 83.63532836547637
0.23058672548656878 84.01029330738757
0.2537704558868195 85.70386429779539
0.23335605102419282 81.25212240943881
0.2184659714224906 85.86745669959349
0.21588725016697252 85.87127674005204
0.23742909578047378 83.97745704685641
0.23855932344348407 86.61148834573892
0.2254634325499632 88.32635662198949
0.22902615912636765 85.10042157438983
0.2331962636752519 89.22173226736851
0.2268149817656325 89.24272016478557
0.23608404765995264 85.63991749070252
0.22072149502648436 86.19039951045814
0.23937727571392392 88.80539281414343
0.2037724103297466 85.82600061717879
0.2155000908976064 87.30964123979179
0.24227620526899277 85.93870482222874
0.20844946751287957 81.25107985269597
0.2250500555111739 87.46594538270978
0.250677493507106 84.73099689423569
0.2168867338389346 87.59159990423368
0.28298293387201096 84.52862737329183
0.24075734823911615 85.26851401270025
0.21640290170442691 92.42633926618754
0.2109811557597917 88.49921212142982
0.253176272155096 88.08163597763932
0.23024140819156638 90.0227002286995
0.19538010943991363 86.9247198668997
0.22507405405052364 85.84270751771373
0.1978584189677136 91.02058093019247
0.24217407893055706 84.33532026126362
0.2272115395558842 84.22915646046704
0.20730886761692072 81.1694516232071
0.2142407086188203 81.0555794909924
0.21926449371395496 85.43000015649676
0.22126019297522762 84.2702157031332
0.21031104480943008 83.96608300912678
0.21906739252488464 81.85091410179191
0.22554162206134193 83.96247427214564
0.20943542623489628 86.88917977105217
0.18531524603383273 85.56672730630626
0.2022332369318416 87.01959694363393
0.18905097479244376 84.0822385562512
0.2052474798128767 88.63332299317895
0.177839318764232 87.9184612658286
0.20117178852896944 84.61347874149467
0.18934546665903704 83.11038679334018
0.21070289076987883 83.16065524052084
0.17046037795413077 85.05011806022469
0.18237699962229556 82.52409134977754
0.21949096015850758 86.89439403215088
0.20766617375277627 85.10894681330657
0.164507132699853 87.90736325152992
0.192185246802836 85.07937711565826
0.20135624589678236 84.90219025954173
0.19949981202704006 83.602979641732
0.2122495059416538 86.6241309474526
0.17297236314383807 82.20201935769177
0.18952333445157665 86.89696449916651
0.16630989714527417 82.55942152119715
0.18992525997402918 86.66444461400175
0.19815174645434122 83.92793618807778
0.18539296824778306 87.33817112889736
0.1664407151271605 87.47432024588902
0.18601054605528758 89.18144418251735
0.19799452762027808 86.54270398387293
0.18474769630417245 82.96521803885248
0.20043913937832752 84.76406544365992
0.1718231046965999 85.68983617491804
0.18424254805017418 86.06745226848294
0.20805530837586086 86.66639931202938
0.22213469053939178 89.94267550278364
0.20643654620791413 90.47299324523172
0.17057327469669517 91.25146853215206
0.19033890609999768 87.81267117498605
0.1576218256706931 86.66023613184018
0.16599611645421586 89.80745777992945
0.18413566585043217 87.96057541788994
0.1557785368217818 85.39341172174218
0.19224900233545697 80.95976611670154
0.175657623105701 90.34932383820129
0.1715631773879704 89.00871057315719
0.17170809013733437 88.84458351628368
0.19781456584867418 91.22481958870432
0.19829123518696312 87.45998587643035
0.20816547609429156 89.39940419096051
0.18139225881719845 92.30250520995945
0.1575475689521937 85.83633221802376
0.18237220053395828 91.62402675446442
0.15587052216265868 89.93912619818043
0.1390860045829147 90.74511930661815
0.18257995758506865 87.7401598941091
0.15294353539108715 86.9604204002149
0.16467184280501931 85.69128786132714
0.16063388315516633 87.79484883583987
0.16183896794792602 84.73207547624502
0.16958497881942136 87.27817167977929
0.154010210548093 87.9404019789083
0.18064386275225539 89.83915564606137
0.21226548698981526 84.93900751156166
0.16930664531259573 85.01882504791439
0.19654045882204524 85.37359717292884
0.18370642860783531 86.19081301890732
0.1844646233691739 88.35524299607754
0.17436710688606036 88.49779476851997
0.16517387575716402 88.32527025886684
0.16198638804193757 92.00276852791818
0.18643251580945364 90.18663307096317
0.16710420917599933 92.00276852791818
0.18489617693755037 87.17780210478583
0.17014332832054008 88.92942810303215
0.19259847251985665 87.50823454385382
0.18202455403026446 85.92893216831409
0.19761349268966708 85.86613521188218
0.20569037918265634 89.11610085911269
0.1677284870831642 91.85497665067857
0.16017249594818056 90.98511518924508
0.1858652444306822 89.06474444648528
0.18953885246533014 89.83749955315949
0.18159329638910066 93.64598809102307
0.16839409150672519 92.8657729830543
0.18037373293654235 89.67235860610313
0.15397820377330398 90.42863994394276
0.16123530323312876 91.0809966553615
0.1601044098650983 91.57279870960447
0.1591706312950525 93.30399036705029
0.16569952788768727 89.64379757860556
0.1310621324022334 87.63918983182766
0.18332176444340884 88.1671383773938
0.14926448176155513 86.37188250596044
0.14698039781256392 89.1346748996397
0.14121552789883093 89.73890122965098
0.1508405920607759 90.55958725064433
0.1711512997974339 90.26088273516697
0.14675294329424154 89.70000182518821
0.1799306233444353 87.53986807030763
0.17933001836656975 86.8693918923614
0.1876396259408872 89.0829736468964
0.14944072452670448 87.69216119043409
0.14872294047405743 88.61995701165125
0.1627797852031517 86.43686017467182
0.15829294530450136 90.96597306074
0.1654265568137444 92.10467941243424
0.1690923186650584 91.07170379153749
0.15807815511202092 90.37381111964915
0.18621157836527852 89.33351077440464
0.16987865258648 89.7380796761746
0.15973809532054534 89.06854219411443
0.13762344782475067 89.70717019026131
0.1352435117435324 88.60157185053515
0.16675052584401379 86.7032081721286
0.16856298426727656 90.31298002952919
0.14654939453570615 85.47549041365069
0.137912039888339 91.63671242432663
0.138790288694746 88.9176776383182
0.16484043420712022 90.70352470819645
0.17027338450905213 90.51101962801299
0.14629679904819948 88.4616802633993
0.15295890000516846 93.28903370335055
0.15135086471655493 88.06020478126861
0.1722833210060024 85.46720995178107
0.13664589047260597 86.3421093092786
0.16888481398237223 87.08771683969574
0.1420438992177901 90.4874601292678
0.13420437415942862 87.98317009305728
0.14291317566476613 87.3905220089874
0.12816758831620537 88.84534327932509
0.1451866002039832 88.5693052419444
0.15540166810608078 92.42235637862137
0.1471633602985135 88.92392998461779
0.14586805977550638 92.32827979846614
0.16247812881939178 88.97931830725355
0.12838302310762797 93.08487576866851
0.1421739360987233 91.8209312514247
0.1613775778811427 90.17955585876746
0.11259639232665807 91.10259870136856
0.14328890524043156 89.60838542803099
0.16530077646739283 92.61495940156696
0.14150471656598387 95.89260120353306
0.1581376028549804 93.47460527597931
0.17402340426715623 95.60274873818622
0.14980197543418183 95.60116669347273
0.12289084742794121 95.1957674293724
0.13580702650442364 94.36163383679563
0.1532173868717078 94.13299628316723
0.11694630334853298 91.96259092014681
0.13815865552141154 95.0390453685081
0.13066245807604723 89.98093527702817
0.14358070800373754 93.20781826389984
0.14890117197893932 91.32710321368997
0.17864726080131113 89.21593105904354
0.12947814131375107 92.77607121690782
0.15425374696326966 89.28375296290531
0.1478456674565214 89.66072737275869
0.14659484701947376 89.50336240249949
0.14571247507141463 92.82272307625445
0.15614513067911215 88.15243372105444
0.1484814471075076 87.34088652679938
0.1429758773947523 85.80017647598703
0.15178245760291462 85.6834606602886
0.1576518349821337 89.72467859996893
0.13087800767680421 86.92691799457279
0.1386679928932239 88.69314025601844
0.13139364996488345 88.07045670220887
0.13190316348695663 91.86487980712678
0.13464230086625303 88.26443592215685
0.14644432145833008 87.18967570738637
0.16685253263439165 86.29740631406102
0.1366532336503536 88.56712472110331
0.15661624727248888 89.2158292258334
0.11148637891194851 90.90425814644225
0.13084584283482828 91.18726264761558
0.09744923604571186 90.73846588218863
0.14255194747386624 90.68736531933796
0.11551399263964471 90.31730989385187
0.127306580048238 90.58810363166053
0.13176495152675646 91.09045690141873
0.13883905306094133 90.77575445646134
0.13413895446920956 95.65621493737471
0.1232239423124411 95.65621493737471
0.11566132419406648 95.65468043539977
0.1414316626591136 95.09409361241006
0.13397951806025732 90.86077560710677
0.12704771418616986 92.04028034489382
0.14147675446184363 92.02987367804892
0.12622283880614726 95.3359991442385
0.10638402501336458 91.54838427225046
0.12032384607490991 90.21523084016172
0.09959057546018722 90.18890932716923
0.14057823914766507 90.21523084016172
0.12867062445840477 89.8215766579248
0.14723975771507222 90.34468467118363
0.1130348694051074 90.35331404130503
0.16070159361943742 89.97253756463863
0.12690485461566434 90.91027758290089
0.13470800520578824 94.26489223910762
0.12201160026709783 94.31321319092827
0.14540969889439045 93.99370365937834
0.14556740176518432 95.92333799630255
0.1399839835374519 94.2293105346253
0.13310443055558535 95.33047987856843
0.15930590154080526 95.48387553591733
0.12539915156396986 93.36083701880254
0.12030664655413578 94.22158300868064
0.13705697864766894 95.79560207227897
0.11214930978127943 92.72572394500035
0.13236491967680403 93.92041145865376
0.13009944146109514 94.12683728659867
0.11266784777465955 94.13911294572827
0.1347849846902649 90.27046009418994
0.13256891315709268 92.7949625012961
0.10667190766499642 94.29605938569603
0.1477664397794357 93.8572936969088
0.14264569715994183 94.69011342086337
0.13938647018648243 94.89509823871303
0.14480420546758435 93.04812670873294
0.12428451003727692 90.88694006206342
0.10050164097330705 92.37880731390882
0.11028451316097461 90.91543536626965
0.09845414800459754 91.65868265917297
0.11030811963875062 92.41093411038543
0.14019216874682805 92.21482202400036
0.10286166825081518 89.89955914560848
0.1279241554068011 88.06011068376205
0.12782429350585225 90.11785247679877
0.12745983885635545 87.28380375222906
0.12237700968169267 89.93551208699401
0.12681703247846413 88.31968041100377
0.13529206952791586 89.99830904342592
0.1499585934029086 90.56043036839056
0.13763739059106633 88.85330643176219
0.111075546376834 88.85330643176219
0.1481347568651892 86.43103737695182
0.11814582549016128 87.2644400486627
0.13273651579717324 86.73557270146397
0.13710797893671248 84.18352427326359
0.12454633793861014 86.13156665800476
0.1139637284996462 86.70734003576428
0.11397135007003482 86.08683597680876
0.11831857236244785 89.03331326726317
0.13550438420282443 89.24353319056443
0.12590330731177712 88.73563103795802
0.12212726936392272 87.05700240553588
0.13690220735710112 89.01253907088083
0.11416176912843985 89.95680792052892
0.10938599478996931 90.72643249712965
0.12031065925515404 90.21414938163117
0.12164917934443463 92.22253271776316
0.10719715879518432 91.93305299239435
0.09925514927317154 92.3008082827848
0.13885805477324714 89.69076853303264
0.10190152239392332 88.8930151869993
0.08734124783815378 88.8930151869993
0.12709915091579244 89.98178276037638
0.16322659074589424 89.83142077176963
0.12894729034572933 88.26552282154695
0.12882719902687642 89.39973061464505
0.13852751741073108 91.12792315210339
0.11693743090451211 88.40279207460206
0.11380145579200708 88.99816737733259
0.13632153809732722 88.59562360720132
0.10582960459990606 89.04057984931161
0.1204117155965799 94.21397257111093
0.1298303772455356 90.56263522937763
0.1325242671550094 90.92126002848991
0.16081930609351885 88.916375996773
0.12485591517247542 89.29426643061211
0.1387827817986019 90.60360527066888
0.11030795068478373 90.88469857350017
0.1317784812291581 89.94971182040001
0.09978350509498708 90.83752742796149
0.12860772807882628 88.9807502422395
0.10322609720275869 90.71403305201667
0.11664984147711127 90.07375370796134
0.1168599421615214 92.44257883635814
0.12134884480623019 92.56585707705025
0.09993552019545128 87.32048763319082
0.12447345668346652 85.70172201555145
0.12106060025437798 87.85715093901281
0.10502387444413819 90.3183053516244
0.111089442003529 90.40549857399492
0.10313287168653097 90.69431485664212
0.11009351191107848 91.17464348533895
0.11653936276929287 89.68277623349356
0.13675044694475455 89.06427792242043
0.1357425095280582 88.9567934912547
0.12154023783641946 90.53241223012543
0.11551957929279669 90.69828560965624
0.12251466729895814 92.32787919540623
0.12846507402028207 89.03564391030352
0.11099842037115867 90.87050377095545
0.1036858070732843 93.85046968603096
0.11369796629388693 94.1037026642156
0.12183895033178865 93.94685866621575
0.10693774737799044 92.36174731774138
0.1439899028237882 92.62882334264242
0.08280361478811946 93.20416828368312
0.12681240138127403 94.75101341079447
0.11354448531436657 94.78426738856038
0.08448621056247194 95.2073540547501
0.11212291787077915 91.44114395901376
0.11954773244480903 94.65963667420678
0.12602642184552965 92.39044850359534
0.0968763887147248 93.28497343333876
0.12695501503052628 89.78163955478406
0.1103475341490707 94.99209736996713
0.09807756403051116 91.62410454230366
0.11049752285932381 92.4603331852366
0.08575791332766801 94.40734001259224
0.11552051369480601 93.28497343333876
0.11769620350147522 96.69922130659548
0.11121266493747868 93.02461086643837
0.10319514765471186 94.89285675014976
0.1017775108246603 94.60184252280604
0.1255435485229042 94.60184252280604
0.10923572094786092 94.6439033681676
0.11871293915914466 93.95445927109918
0.09782532276301481 95.20602469313222
0.10623625619655071 91.35216511429488
0.11131440958947644 92.97790283211467
0.10327886681691818 92.1669378168104
0.11694025173851978 94.60184252280604
0.10274521645767214 94.60184252280604
0.10168157873013829 94.50914417062097
0.0968005907551723 92.97790283211467
0.12393374258305195 94.60184252280604
0.09657600967272056 94.56039605438941
0.09104728613898816 93.96519519846693
0.1340919917365817 93.9821296323395
0.11911188517578665 94.0235761007561
0.11066526556856177 94.0235761007561
0.12673956681415832 92.9775634927554
0.11251291859887237 92.38220376557064
0.10418606852540355 94.06638492077536
0.10116505219148648 95.0992954398266
0.10450309765149265 91.89919139327846
0.126486609245373 93.12965258006074
0.12579871462186937 90.6654092832955
0.11794178299528943 94.88402343859215
0.10183649065799716 93.40406665173539
0.11506024061059549 90.39703849213335
0.11704355227006827 89.23172991815008
0.11580156703027787 91.27355603910205
0.1165233613572375 93.45409884399044
0.11110611603920541 94.72048665168926
0.12236342541975248 91.60467970915252
0.10692339992770412 92.19141045260781
0.10669871636319612 91.63531556071881
0.10287023269233454 89.8289510042731
0.12695437345447455 96.52120560259769
0.10715897621046447 96.3287005224142
0.09610606148107194 92.83353518519938
0.11587670521942828 93.85301657114437
0.11875292767440997 93.14332603555852
0.09631379422537964 92.0987214889773
0.10752656731530509 88.98291454644055
0.1046841372666191 92.0987214889773
0.07855926447744463 90.28981004741817
0.08698764409021054 90.42828534720587
0.10306585464760881 88.61937390564674
0.09463001877575251 90.36547649716309
0.10492120271063606 91.49742500691553
0.1161642187192709 90.36547649716309
0.12295019541841595 89.32767195535885
0.11656992869544922 87.96144401157567
0.08154205658641821 87.89916004129861
0.11147092118633617 89.26122198119643
0.114848315724904 90.36873690038469
0.10720979582676439 91.59679399174601
0.10962560309608474 90.10647234548586
0.10921193924266588 91.19511991705762
0.10186580130942244 91.53510610417487
0.10247541324160363 92.85327211776107
0.11337621149845031 92.85327211776107
0.09238340908951097 90.06219647872157
0.09266743617403052 93.14437402659118
0.09401317419050183 94.89764512382644
0.09745473618684823 94.67037604997091
0.10769629937093173 91.29062579271186
0.09857137809081712 91.54637661678345
0.08151998746382898 90.7164591473675
0.10548621759427082 93.23085697103744
0.11207451158048226 91.77329757775038
0.10315155822044865 91.84244261318184
0.11800947664715175 89.52022699765008
0.08119115182235624 90.55803153945435
0.08722906589401104 88.74333832979157
0.09274989330127482 89.70787273641315
0.11088854657817791 89.24914975240175
0.09707694437701947 90.44867544822141
0.12063849154228654 90.48275798965804
0.12783382494261442 88.40743340929437
0.10066535616739992 88.36081928534668
0.1267188058340512 88.47939501506927
0.08433509355411237 86.41620637126466
0.10047464365206497 90.22549760658562
0.07971194435454705 91.98130817315331
0.1268013070334705 90.22701309098626
0.08880952377729741 88.91353564740167
0.09867809993462129 89.18748912291203
0.12744278779109214 87.90971740415118
0.09898924192535255 88.77659230755745
0.0920373781101951 90.55947378674661
0.07800228539236961 90.62227074317852
0.08565416437417797 90.62227074317852
0.11508094565070602 88.60748182453294
0.09824721558242029 88.63821861730241
0.09410927309601257 91.87712723580192
0.08291601496775176 89.41513332830813
0.11411775499722925 90.65172450504939
0.08606044148026082 92.27566419574073
0.10551974370180245 90.65172450504939
0.0935549692202105 89.91165981126159
0.10275254082205597 93.36815767927577
0.10720524755182538 91.1614702087209
0.1054488952080806 93.78736809873416
0.12395901993942489 91.22925984473102
0.09402517608429953 91.53908450808112
0.12216682869946534 94.83290045373533
0.10968966632312109 94.82315788556393
0.07845246409986624 94.3535808765987
0.12688001891537437 92.69109734126182
0.0895243623005178 91.55202222232074
0.07554909909689561 95.04671372935921
0.09852827143305952 95.42972049838579
0.0943377585648551 95.99184182335043
0.11489350636628795 94.93184729864862
0.10098048334881089 94.49693187872191
0.09184892962261142 92.76526689221778
0.09752525153297198 93.89720944510667
0.06783886086265521 93.07660461490157
0.09760992612367549 93.07507011292664
0.12132851030093766 93.72711802741567
0.09621478666516557 96.56493709595071
