2.4238315723257733 5.003850182263891
2.3902724213738895 6.675084781779954
2.3389328688037865 10.210239680540383
2.1277203252153587 12.366063196787717
1.9814121143971177 13.839509429775417
1.8769941690322294 16.765563175049788
1.7745790559691526 16.1627204972858
1.704684000363386 15.876014179445335
1.62100412297974 20.183683120433123
1.581423727414941 24.39669568932295
1.4885813150906335 22.848412557894157
1.3945515121569425 24.588762658920274
1.3487668115761107 30.663749896178448
1.3186600233675807 31.54938228692513
1.2442799731005196 30.210078986183508
1.234556362137548 29.842512690787384
1.1504507110314193 36.0872412553549
1.1360628335803276 27.04382788718074
1.166435548701628 30.27792559535456
1.1172798560463133 36.96016575904777
1.1194526248233634 37.0607456026703
1.0872461559563003 33.2677138175095
1.112150098477738 37.01296635972217
1.0363044885022632 35.35509044414622
1.0591835805159848 29.65479744452747
1.0274515249482026 33.48633464529612
0.9899870237145764 37.72266394308406
1.0292129360297488 40.0716737264854
1.0109001057476419 39.43776027136229
0.993100826078118 38.31621383528822
0.9644962463776501 45.076330203515006
0.9561255271825889 39.84969235182922
0.9555633795088887 42.501054445155106
0.938060989917516 41.11576794481273
0.9606461454944699 41.3936110400522
0.9476568566735624 39.27886314473048
0.92650781974098 44.01815551954324
0.9327048155319773 39.29807901352124
0.8674069919858791 41.67381687266265
0.9274293279891589 42.29452458781495
0.9055823499905633 40.71890936998232
0.9108049757891243 46.80147415470322
0.8928199042278904 47.87388706659587
0.8657195817438963 47.44826688668737
0.8910980186288447 46.75399292945733
0.8478211548620236 45.589295469899035
0.8655968466851474 48.47305628077444
0.831438539273041 43.075445628854226
0.8809170962671362 45.351315203047335
0.8188989373122303 46.752574870024446
0.8583460547987202 46.897212243184825
0.8484107976003322 44.43856016596956
0.838492396972774 46.58743452624628
0.8191654370949972 53.23306345276211
0.8558301749948979 48.29465426660796
0.8365941135845778 50.87209133381156
0.8214530184510571 48.538598717148254
0.8363484112177557 48.11218709206463
0.7944394456599524 51.92305962593907
0.8030368252931509 51.70411605849725
0.7916329027117961 53.230286842316175
0.7885796963313946 55.0035692646159
0.7920211942484292 52.76367181900032
0.8029486103752962 53.72651934641836
0.7641864463885083 57.32891559290696
0.7789900050971522 49.994379617589544
0.7639036622577264 52.64448542061131
0.7586198276449669 54.052155923487526
0.7380731434056564 52.105708925283736
0.7665684367788689 55.16382669746216
0.7973581102677751 54.18250010196485
0.7640531711020144 59.048457929109624
0.7394259254560293 54.124388391046324
0.7742265408772143 52.65300316798197
0.7230845134983956 56.14265409207348
0.7606223751790061 54.598977328702624
0.7378077975756416 51.36757625583561
0.752725051689811 54.69480705724575
0.7457817325216449 52.97613987414243
0.7263326432081255 56.60591915895492
0.6638270558453673 58.34564006647384
0.7278269354056731 58.89299086419188
0.72054405666047 63.83684617777606
0.6946273090569163 56.62255046745734
0.7055576332069342 55.86291256770675
0.6812164764025059 50.99589120981419
0.6798618496699539 58.58148989619593
0.7239389088063922 58.920983747593134
0.6757422560208004 59.08069986685321
0.6686114256034098 57.4214380053008
0.6583840530776609 57.201469008236515
0.6664202884214724 62.049243990580266
0.7005896072413236 52.69970360396416
0.6743976443759343 57.13848577084575
0.6806647701866374 58.16855478754934
0.7168626259924182 60.47322411246819
0.6577240063435766 59.49851381560587
0.6207011686764233 53.291585142784086
0.6606182494798353 58.456420039383076
0.6886954916741745 62.92782361058504
0.6320925965447679 65.43095999392551
0.6948477164906801 56.67514902582511
0.6218254188778541 58.73515751213888
0.6671800516826596 51.996830349230656
0.6411913922512966 60.59183479263638
0.6604282616669644 60.584268876486874
0.6391843905012937 61.30313415192608
0.6762532844033224 61.94106137098229
0.6314663354961643 60.66176767272534
0.6112024203251699 58.69469717697176
0.6174829602976886 59.8319375099948
0.6071246837552666 67.12586423188162
0.627823273273492 62.203340082977995
0.6436734980626907 61.09677992207987
0.5867974713020349 61.53607806620727
0.6317135029112435 64.12524238582218
0.5980498772806913 67.40236585427759
0.6017939651028125 57.07072527601558
0.6183373750035543 61.34075705285989
0.5821242612794247 62.176262849474085
0.6202096673902598 55.164324631086345
0.5690013790562019 61.66937734842519
0.6111716708184446 55.13715964316127
0.5687561401554758 60.276518899717196
0.6189022089389197 58.936041688471704
0.5142694397424715 64.49888383197722
0.5814727975258613 59.99503360135407
0.578083365264256 67.90886597542652
0.5210902190595708 63.91868303056858
0.5741324236942297 61.73292150719935
0.5563754705249516 60.37620175630821
0.5654455389342185 62.351652396948474
0.5852693458318234 65.03316660596012
0.575422975678497 69.15159872776087
0.5534706311476486 68.95404574010585
0.5661910094928138 63.08277319151917
0.5291517321575876 70.04773331367784
0.5658470848625136 66.8114455047703
0.5571349920450628 66.56646754474882
0.5718528782068619 72.3422628405127
0.5635570783769809 69.88823094199643
0.54996754137165 67.56726509504414
0.5024403491270422 70.84810952420798
0.5420120314933103 66.89057411231555
0.5635181836021413 67.84083007369496
0.4820945299240795 70.85851780955139
0.5848978414111257 70.6645662927688
0.48818180580538034 72.71334766811532
0.5482182341198857 63.528583938416844
0.5021925155717272 76.67091135245096
0.5425747134625464 67.91481260600253
0.5335337040348025 61.325865556171756
0.5006686145010671 72.57782265719673
0.5336367599368229 66.04020151834038
0.5167596967061521 71.25152741729356
0.5277140316891922 70.97237827224414
0.5156750807511186 69.68469651004602
0.5100147199639554 76.00780685010722
0.49030989781531514 75.15486831480555
0.49284237862078556 74.60647128709157
0.45143780325348154 73.11247449192808
0.4902719396535393 73.57833721040731
0.4865145969831292 70.38114971254147
0.48756394747800064 78.53839281822904
0.5241707412240848 68.09056445783047
0.5567365068052607 66.97575052324743
0.47100141085163794 64.81926154652582
0.5179259928978839 70.83200971592036
0.47120088387947157 72.42427859183069
0.4866105580319485 70.55824926044576
0.47463074207095907 71.00339904372863
0.46782550479199375 75.21765463669556
0.4608019444007383 71.83223009147999
0.4729554607432776 72.41662636355927
0.47333622836391664 74.67732969849231
0.4294121976210689 76.27219108869578
0.44365231617467676 72.71902230946864
0.4239328821710926 72.09902273693068
0.44928381941846135 72.4688846984192
0.42786214982735715 75.36030691730113
0.44104016659292744 70.91704368347082
0.4467781006143027 73.26138926726603
0.4475526760039174 75.70566886301083
0.4430654430582273 70.50787805595036
0.4359366774712807 72.16007901605175
0.4509922320885145 71.98325392945914
0.46361065116466066 78.29826237368363
0.4371705207048449 78.56719794617709
0.4172829269526154 76.18935488896946
0.44767523896804723 70.87451554865929
0.4363339438002803 75.59392043885
0.44186518084873533 76.46330200603944
0.4035127441134349 79.88846172327484
0.4387031562138331 77.94456687401097
0.36045467683779026 72.21122152884877
0.44500185216757093 78.65153511048119
0.4077562235585226 77.05848403287006
0.4488778588078137 74.77818588014482
0.4288430752516053 74.75890540811746
0.40495645083727727 71.86529464572496
0.4336913997378121 73.5842621139754
0.44418437435847935 72.23796798716029
0.38926241174249315 73.84136222990556
0.4117802197524626 75.20530923713571
0.3866632403928482 73.23150178725021
0.3766765104391354 72.84441164355154
0.4275589047557561 79.53993840981862
0.437736928934279 82.59859737486927
0.41360055979456434 80.68821801695015
0.40435000057015846 82.10878640806773
0.416640733412003 79.00913731353698
0.39317325174498235 77.1527978313901
0.394182208303376 74.01835774571198
0.38609526826381335 77.8314722263746
0.3770082855927507 80.47444141262406
0.4304121714673615 77.36995934670934
0.3987247124928881 75.99752377969274
0.3925580829524652 73.69600362027776
0.37700419718679945 74.84021800092225
0.3896508371793186 82.62471120835244
0.3603379858412634 81.45451989100407
0.39692845463109294 78.89342970671585
0.38486444248634044 80.53415152963564
0.3835652948267597 78.64127223159036
0.4076567808533139 81.29481760253064
0.3885725021540238 82.39870834615574
0.3627558878132538 78.95306030694523
0.3884179989363839 74.96786516555918
0.39056306861178597 77.75129431869051
0.3837921119432729 72.62509967784034
0.38820315373754244 80.75408320737027
0.38198612288049766 76.52693297447946
0.409049035313549 74.97866554011422
0.3824283031314374 76.9248663333504
0.38335301627708596 80.45735835852285
0.35034852177903864 81.71868759712972
0.37483260335536783 80.17166222977116
0.4061978382385692 78.64505155430375
0.3285392075295014 81.9257859021339
0.29443369420594623 74.74355129313429
0.3848463144327751 71.80459470827958
0.3128417301850442 78.95074959792947
0.37023710643161645 83.79468321949433
0.3394004419459635 82.38372387315863
0.3655199221256147 82.48535622955484
0.31964870118262456 79.5360974213952
0.33338197999481617 83.96639749066667
0.38000332981330137 84.62785345398981
0.32738966672301195 83.04344429385293
0.3591470653488259 79.72434486512421
0.3737460247365269 78.50982960395112
0.363146989149735 79.79534915303499
0.34229415860676393 83.96118304508022
0.35340985638304645 85.59222256206147
0.3337368943990313 79.82082732165507
0.36048582000962337 79.16324508325846
0.34246578540495687 78.39414065885647
0.30898155278637385 84.55077146227632
0.31255849335627406 84.44143420112356
0.3761729500609442 80.29275640523028
0.35290549472350974 89.82557689771419
0.3154806555477324 82.40441770015326
0.3589099748546935 82.13685482832969
0.3138834475651951 79.53486381400586
0.30275382191500094 82.29994008008067
0.3178434338206016 84.94526142632593
0.28274743149797366 81.86673444692754
0.3036064330205337 83.98612560531211
0.3402437007119938 81.2112988356054
0.29478813440788987 84.75301700443065
0.3206928450654518 85.36736260645297
0.29292148098859716 86.05946448791184
0.33969331261281843 86.4284227137235
0.3075493844856572 83.14477620395631
0.2601695200174483 83.51382515350944
0.290262428452099 83.25202236547538
0.3232337681893724 84.847614865696
0.28835061389453387 84.10991534169636
0.3376156654058569 78.71626293825427
0.3188982858098306 86.81469636610126
0.3013483754251075 82.09975539023117
0.32922095447647454 83.52043892546823
0.2817970682898854 85.4054456080583
0.2745079417254197 88.36475126025509
0.3157817308833785 88.0455658213285
0.28459322184486724 84.86577496411942
0.28720656503450537 90.95427599627044
0.2980186329815546 87.10495494589306
0.29417948821738077 85.13564042471461
0.26379490034315245 78.9207128042427
0.276590603416304 80.30835927978478
0.3195867935793831 86.88153098020688
0.2951316064384995 79.87215066427935
0.31832458358372295 83.58912250369153
0.3119141732711682 83.73462991037661
0.2909505355895037 84.52083074458605
0.2796506533660831 84.27995537198896
0.2629355000810923 84.24607055242335
0.27535330932642316 86.23750003155928
0.2528282790702092 84.77049558949903
0.2690357337731128 81.95830500159542
0.26477268919052765 82.82988070801656
0.2844311410768908 80.75615790150864
0.2546513709597533 84.36770475505931
0.2802382678062103 85.82368295639046
0.2815942613907124 88.61725939530322
0.2718926442258413 90.34203157073667
0.2696215156498861 86.416940234634
0.3247123244823438 86.32876516071286
0.2953032138119145 91.03476687927395
0.282835673149506 87.64727914040446
0.2613104340420814 91.84923520578096
0.2578184761772174 88.4426645784908
0.28842720251338305 86.38231293082866
0.28850151563240434 89.4426392836986
0.25540311109457087 85.24278856303118
0.27616367070894743 87.95186706098316
0.28576337640134375 88.50921063326666
0.2748051637759893 87.65324528592414
0.2960355273767442 90.09722410470484
0.2357937120722683 87.84941000967233
0.2762971921664138 84.96511506924097
0.2767423582582745 80.32165929672448
0.2677591207688836 84.45857406854284
0.2537828154928307 84.66874089947741
0.24944414583499908 87.31885826792346
0.2257531763842067 87.29121914777168
0.2832304519277407 89.07534402600126
0.2704196113560713 86.29308736238131
0.2553041193680911 85.60257557059963
0.287266902754309 81.75222948687635
0.28991479089521954 84.38783945184692
0.26542323003303625 81.60513115092243
0.24494800733985372 84.943992534579
0.2631370433828365 81.57648345905835
0.27043134850137623 79.06158009928656
0.2813704332027159 81.13561912567747
0.2767858357119771 74.88802277071247
0.25394727102526005 80.44800633967988
0.272575430000374 77.9690559276392
0.24451358239029838 83.24390174281073
0.2353243000829865 85.73178169605553
0.25229254951184604 84.71946330302436
0.2224754217882837 81.88747363576189
0.24934688755038156 79.78889585137516
0.23554535239251673 82.85466708615076
0.23266545215537401 83.7153203426926
0.27658680599491364 83.90072571259756
0.23161276355937985 82.27452829824072
0.22175175736939204 81.27545282150031
0.2003293550753762 86.6832496128764
0.21606950553373558 85.99521647520544
0.23414139696543285 85.87613375596149
0.23425525173085932 84.62268558665143
0.24004432066474427 86.43631081673476
0.24891787917746902 83.73139911905855
0.24417485175787743 89.38897312700966
0.24225694854461147 86.8527669401053
0.22859375139943364 90.2329678376189
0.23520050778635354 87.79487200814609
0.22994854101792456 89.73569487529369
0.2249712465657513 88.4308743803216
0.2392005254032735 90.0117156517932
0.21290023847646192 90.90755915097809
0.2452107328173234 87.98940607964269
0.2132468847896588 87.67423470303169
0.21039616498236696 87.15950054422116
0.22384743681469546 85.31822344129077
0.2342902661862986 83.19606666403033
0.22241028203621677 86.91954792141517
0.20553563799613678 92.53106667252553
0.19746072872587284 87.65200503300296
0.233717103456107 88.86246172569275
0.22259792853285618 90.01397997994151
0.21619201305777036 92.21179939100692
0.19930376667152416 85.64151394295682
0.2141573625567743 88.71859339482008
0.217952255867219 87.20248197815071
0.19953735507771 88.62977076958627
0.24304158000291565 85.3030787409461
0.20532198103384944 87.55098131759068
0.2127482341287457 86.80369657874945
0.2199612810092824 87.70569325554214
0.22850569358854317 85.47741426618185
0.2132488648167117 85.61495278656041
0.2228956330885186 85.70451164510136
0.21883783563727707 83.93410234270178
0.20321627469639664 83.67376281989746
0.20899305576738933 84.15766293573199
0.17696117162116573 87.50628298447063
0.20466176596619562 88.50942377221652
0.19362514786797708 90.57957741594163
0.1855874361879302 87.9640781891262
0.2035152084556785 91.33408606931313
0.2022915670399731 87.3603194837523
0.2002843349601272 83.68147041781305
0.2274444791581781 86.98236303979758
0.22041985225396296 92.46234607734829
0.22695051767431626 86.18609118129756
0.22029924277333818 85.30924371546429
0.21745143808584824 85.4401897750522
0.1890903176423117 89.74208329582301
0.2107907674883396 87.89413385356684
0.2106752819074884 86.45615678539872
0.19692898151484048 88.50775923775201
0.18704522262427378 86.66147074800384
0.21109197114711895 85.74259773967695
0.20566599990452863 88.29287237276725
0.1949991125311384 83.1719650472635
0.1875871530865941 85.91045270132955
0.19964046838325805 89.67381555428481
0.19893135171285897 89.04983320188612
0.22275901026738118 89.41684433520963
0.20583912325647458 91.09535645397203
0.1932318258169265 90.75232739224252
0.18919499267471893 89.7087599244072
0.18147838568268734 89.7087599244072
0.21109399125703046 86.65692527933221
0.1773074363439165 88.09310381233531
0.1835152834128622 90.96960164176691
0.1839116669494465 92.47084553614911
0.1958951868310296 92.88574975758526
0.19389111354896998 91.69357600038282
0.17346334471040564 89.70910867281735
0.18440180275418105 86.40805411611628
0.1828601275698656 89.63541103131543
0.1339734318868452 92.22608611310645
0.16893845063983126 91.33108554930794
0.16635492242825964 89.70764784457643
0.1886748713392993 89.37405536063012
0.1770210786700967 89.45898179810374
0.17028411140387448 89.12737774717007
0.1908574192886954 86.11952563504369
0.19288533924417703 83.53233080988981
0.18619076052441588 83.55681620053642
0.17707103614648853 89.44682687298459
0.17113921848711697 85.15256714749253
0.16552045522522604 90.2982500415159
0.146184500982055 82.00221041955415
0.20210407172865702 84.07128637024606
0.1931290709816067 86.80208292185263
0.1770103376854199 86.87399265941539
0.1742096414823155 88.05676398480641
0.15526428416866825 84.405300802239
0.18646688431942163 87.55182106455564
0.20364990254827042 91.54921737945453
0.17016806409184085 84.93020988478884
0.17211652950604708 87.11301570578428
0.1947618019348477 91.3100218458514
0.182711201675469 91.25937358632169
0.17468576502391783 86.57301650379095
0.1816055033374269 89.04283996126104
0.15026047763009082 86.388284008224
0.1769076461661454 92.36715874722125
0.16885618493259114 93.28750441837622
0.1788725981570627 92.18281011156924
0.1729910169419493 91.45703759242662
0.14548898183595035 90.31644119158598
0.2238751283212407 88.41762347465902
0.1596189698351703 92.00864049758069
0.14767731017000546 91.70963732038868
0.17275231092994245 92.06869173366276
0.1982818486837295 88.19166241303756
0.15569018213219893 89.3476322960806
0.1295832454198923 90.313784002719
0.15335871705325596 92.6336109875285
0.15427487749947041 89.82116933087958
0.15077342776005256 89.85761266377655
0.15895535270897412 87.43042492177888
0.1653403606373905 90.57371138774378
0.17006545564203446 88.80315655073309
0.16791120492147552 88.42736351882381
0.16306029331012284 89.95674106173051
0.16774832299231215 88.16198873514355
0.16166839361788363 88.23465871829843
0.18619333103109847 84.89340862216655
0.1478998968374877 88.60811972242402
0.14000066302335623 88.69997312407803
0.16462473420189072 90.33553695820927
0.16277125238914816 89.33148166874645
0.13379948433782599 89.34879429899404
0.13162074445614655 89.03976280296281
0.19095434964246613 93.1067322686156
0.14683759856459588 93.79065825566312
0.1848520001699009 93.07757602398463
0.15944837524369998 94.08680882982775
0.18832340128675315 89.31941790196169
0.15730244777416322 91.11821180608666
0.1891067560835503 91.03776713921738
0.1626846289303227 87.14245689350626
0.15077421836191476 89.42385516675246
0.1486731016247741 89.60202511814394
0.14273825659385092 90.52160575530031
0.1669907016387445 90.77252779142728
0.1492028591989492 90.06505331313214
0.14342920317198626 94.85651599435316
0.16204070946848476 93.30577683094742
0.14805325502702477 94.96458826626102
0.14289960289472808 92.50908903745682
0.15523928357480926 90.9481311753293
0.14327797565977823 89.54850471957766
0.13106547297147866 94.01172879941915
0.18094959940049485 93.51897556098976
0.15104610512362227 90.50403929379712
0.15077975200033295 95.05915531414992
0.17739567262960573 94.82825474802401
0.12164952878309838 91.97986069506015
0.13371690079853127 93.26974302709652
0.16998839358857346 92.44808542228053
0.1264261448277152 91.27783853026705
0.14847711477824288 88.91101658071042
0.13792594469803562 93.12293585708949
0.13293322074810662 92.30957213017389
0.15559645272000566 91.30025238257208
0.13415353075880687 92.31110663214884
0.15293172433386507 89.87821693223611
0.1579296376763628 89.11211544367511
0.1226325955035551 87.21077020985517
0.15798472297667313 89.53970205765155
0.14180656730563215 92.44767030378546
0.13564143350618577 91.87929394262
0.1585532028539814 89.72860785030674
0.13025375378811468 89.76999722774181
0.14239144955210947 91.74090543393083
0.14597399144200554 90.11050359031931
0.12470840603357045 88.5395682351631
0.15721411795956755 88.65484042061227
0.11000479138060514 88.43964082681086
0.13948767141569257 90.29294281030414
0.1353862231011132 90.80922706250482
0.13768551058985715 89.55282137516566
0.14863756673101836 89.75908827239897
0.15762287675937423 89.40037340962763
0.14488927283470024 89.50407724974485
0.12217503149860354 87.67433119935914
0.14105526064050522 90.06004638155152
0.1256315738011405 89.56030433798058
0.13485511373928133 92.76657441901007
0.16152107471120936 90.79558993635663
0.13436789970375798 87.71978467714834
0.15012636313898275 86.76209490776772
0.1414612866836849 88.23300121929229
0.11606983779388498 91.13368835297132
0.1146836189244324 93.18628748993308
0.15086651565299777 91.6944202380877
0.16485376208695396 91.07365134059017
0.12216550526152521 91.47916355330472
0.1264522617515681 87.87549728144172
0.12535472008645931 88.13126165950347
0.13512545545869678 91.47916355330472
0.11951286544045654 91.5974211068336
0.1250269604661805 90.17890433368999
0.10181939891754357 90.07319478537113
0.1413970649385626 88.99014638603111
0.13320889440831207 86.85110206941752
0.13320986661411136 89.22994865340156
0.13457887112399405 88.71116599921238
0.12810091033190424 90.53741191871961
0.14931432318585933 92.8338879740212
0.12997112113973366 95.14096743685873
0.11470425884628262 93.27941045414879
0.12503913369456507 93.82150141742358
0.16455157273583582 93.32274912492427
0.13837930593745193 89.37605611729681
0.12661616070415307 89.66553584266562
0.11709468077889817 91.24716534383364
0.10584404340544211 94.55474647451985
0.09055029737061027 95.11686779948448
0.117150628346994 91.34856865742633
0.13264174374231344 93.35087195129577
0.1155844033131594 89.70678893080132
0.1370544006355078 93.66312776733284
0.13585964957584665 93.04714109752518
0.11090769429223762 91.25451759912443
0.16090249070121912 93.78064794484985
0.13712273745252576 92.31784283426539
0.13749809590065068 93.03820948593628
0.13270032090987904 93.66312776733284
0.14935756789734067 92.70406525571819
0.13165295659307194 88.79788177009765
0.12347344447281476 92.45622282514736
0.11436064442735999 90.15934862908865
0.11516077843045593 93.04875630503804
0.11986745091946838 93.77666917015142
0.12895620940045358 92.98703753925678
0.11952666618576448 92.79024944796836
0.11036894679777423 91.13229891312307
0.16260388216698554 93.21271544039485
0.10666663287513746 93.42943597311395
0.11197541569159757 93.28328662118719
0.11436942543762353 93.42943597311395
0.11701413395521149 92.56291996951627
0.141529877083276 92.9650794516946
0.11932398607706368 93.28328662118719
0.1264127139749996 95.0921980627463
0.1388579079983629 94.99519893149221
0.12075754419212305 93.17877864668615
0.1318850041139506 94.99519893149221
0.1216490536432709 92.58024602713887
0.09718366517307013 93.33790298057926
0.15396918191941925 92.46719820664353
0.10617722634572335 92.7302160857179
0.13500077020267987 91.75295129805927
0.13669302941621475 93.12423961119976
0.11407735904926523 91.38243850094692
0.11402861914776549 92.56211828623513
0.12101511915216895 92.23075912249922
0.12313707382395633 89.83318668141946
0.11120951419150155 89.5938926614318
0.14755675877306323 91.42159213432338
0.11260114951470097 91.64419207002034
0.146111681159945 90.63808046647496
0.13195121481321945 91.34810299245481
0.12531659544274318 91.31515323268944
0.10988138111272602 89.29523311432865
0.10552557677630645 91.75682866007054
0.1152353628325057 90.63502076077636
0.09254154158067626 91.25357924666625
0.1449295346981687 88.88068592665884
0.13519773022163314 88.17306438015969
0.10841088741519693 89.81475737694217
0.11056328992893387 90.6306133762127
0.12448618326449921 90.93266803923332
0.1220538141709875 89.21353171353239
0.12680246523875244 89.21353171353239
0.13094927502153392 91.56473660040493
0.12034439911237636 91.56473660040493
0.1389498242869733 91.77771012040284
0.09702494417833754 93.08214026289679
0.12662270664598987 91.75721719451961
0.11486491375634655 91.75721719451961
0.09323875861118298 93.30795635792533
0.1234025321200072 94.5584035889613
0.12411333901008716 93.86986001218958
0.13952209276944214 95.77896250587919
0.15669849676475603 94.21759119684575
0.10920475286081413 94.15479424041384
0.11818897501113797 94.66397817265347
0.08734906088398875 93.45924890142054
0.09424367873450798 92.85506673109435
0.10743345501940386 91.12773791474274
0.09645552370506821 92.72595366989921
0.11491608482983337 92.78875062633114
0.12384453831416689 88.74975928294572
0.11995766500119795 90.24162653479111
0.11087685951284143 90.20596430070572
0.12540367352239432 92.91943875162193
0.15281014979809965 92.94207478403217
0.13742578858849805 91.67690388287531
0.1325070928127728 92.13351963703496
0.10458113336241256 92.6030490001514
0.11344420832151411 91.88996676847293
0.11681774327476496 91.54196050973664
0.09574229685433862 91.35880576867032
0.11478698901224037 92.68696312140037
0.1321701020288293 91.08845712362523
0.13309993208886425 90.97983918477203
0.11298411868590784 92.68696312140037
0.12485469184968387 93.3460835776191
0.11201930367706986 93.40648170511481
0.10375744727533862 91.34947991562194
0.10525906908959752 89.46494996945987
0.10269988767907147 91.54196050973664
0.0919167694130792 91.16095638381215
0.11754996201293372 93.05261343035761
0.13075359508072804 93.05261343035761
0.12563928481145173 93.05261343035761
0.1059668549086903 93.05261343035761
0.11209674401338562 91.37398479793546
0.1299860155136316 89.33541272717204
0.11296200185978357 87.78473888992085
0.11011379395198435 87.7337607385982
0.1161251189497842 90.15490707005995
0.11097703639825424 90.8028642959151
0.12303013490388656 91.34903673660307
0.09475054673000037 92.14824246238629
0.12204136960114371 92.46644963187887
0.11741546689469691 92.97334793922937
0.10284691466719866 93.66425366893478
0.12054263882081914 93.34832506618235
0.10347280231797737 93.34832506618235
0.10499357244268206 94.08593125053717
0.09965974707677695 93.34832506618235
0.12545309449260275 93.34832506618235
0.09783905231891177 91.85645781433695
0.11946674292120242 88.74065087180023
0.11435950585129434 90.2628030575608
0.11211888750612681 89.22928538573011
0.10360992939759925 89.33701102621279
0.11624370398221717 90.05009325789123
0.12123276037230456 90.78769944224608
0.11292541946468318 88.95742014118485
0.10406215801590549 90.2898738953506
0.1320419846624947 92.67824327657817
0.10372844407880122 94.38536721320652
0.1072265455659338 94.30118793532017
0.08809236853664285 94.08593125053717
0.12191930429985354 93.34832506618235
0.11820494330061686 92.29885413984411
0.09710299937531609 93.44524619135609
0.0913425150696115 94.99519893149221
0.10870820399525309 92.79024944796836
0.10905198828883779 92.99380689581838
0.12153129183752784 92.99380689581838
0.10081173717518924 91.4344483024523
0.117238740944001 92.03751612550187
0.12571157057093293 89.73003502627836
0.1294262260732241 92.06193642839732
0.0905623348414595 91.51897272443574
0.10781907655464994 92.14178047848186
0.09000857602542844 93.2063497622497
0.0890003440647371 97.16283966893843
0.07207898733467671 97.16283966893843
0.09437377821427195 95.64498775423995
0.08948867624843769 95.96640349591735
0.12637988315240017 94.61819848367655
0.10154370402289681 95.59209683963759
0.10477059084424308 97.2277445016682
0.09750255729376675 97.46320606617445
0.09284707512106044 97.61907710898888
0.08775139212478879 97.46320606617445
0.1035563903602568 96.39492494207417
0.09717436476000259 96.20476360542153
0.09996281401921706 94.76564521429368
0.09629373648952233 94.76819209940712
0.11026598801063592 95.62216962868771
0.13794910181374684 95.86716287609997
0.09538218075823418 95.86716287609997
0.08415729698653966 94.43865096203973
0.0989356181503602 95.30504155113535
0.09180190360177859 95.96416200735408
0.07541849257178394 95.96416200735408
0.11678559437507992 93.59791761450701
0.1027112634084349 92.03215465612875
0.11042785157956479 93.7392785927571
0.0985558756010808 93.35827446683261
0.09294844282336631 93.99545447810893
0.1026682835962905 92.3168258456868
0.10191307149902541 93.99545447810893
0.09792501917529658 92.50358722626353
0.11770296913407231 90.87082638847903
0.08762358547703647 92.73998790135667
0.07314259707262913 92.38056093978092
0.08884263777767315 92.61845365697414
0.1050476785767824 91.25318678211252
0.08773115299777355 89.38402526923487
0.12996778474472467 92.7438890560759
0.09760113582596254 91.4699919811065
0.10556566130980019 89.97812472926111
0.10126458432354855 89.76529919716512
0.08791731895184475 90.00076076167133
0.10649219132646202 91.49262801351674
0.10004258451025236 91.30014741940204
0.09966597518109926 91.49262801351674
0.09735969067533828 91.49262801351674
0.10184398899369605 91.78510899291751
0.09838467470906069 91.49262801351674
0.09958279977902432 88.40671299279148
0.10382032962858999 89.21587998096737
0.09240444288720363 87.52037485193813
0.1214428934255125 89.21587998096737
0.10037954969000823 92.40179538697868
0.1123678800541964 90.59683241574545
0.09456925048570365 92.12385842405695
0.09903013425580587 92.44812662916658
0.09041840674499392 91.49637728633938
0.12052395340920359 92.09584994736588
0.10707444832166331 92.09584994736588
0.10744055665715027 93.918225849137
0.1079894709009376 90.66309509855427
0.11166073729142752 90.95625937732119
0.09993400776183935 93.48722971666012
0.1019347218868485 90.9099281351333
0.10897995867999903 91.19940786050206
0.08739490996960576 90.95625937732119
0.11464589011379775 92.18614788154447
0.09316150685771783 92.96802001958882
0.09973205270325254 93.30990390064622
0.12048567783515798 92.30440543507335
0.09943776962038482 92.06651271788014
0.08261560720579918 91.51088232824044
0.09694595899162044 92.25859751226417
0.10322468454735782 91.90265550262009
0.10407299526196341 91.35872396183508
0.09472870258168434 91.93910221833329
0.090469484045675 94.3013240325919
0.0978883709972062 94.1335736479852
0.10159556062658193 94.25170387673275
0.09958220645613249 93.25185521460371
0.10089518589849332 93.15485608334963
0.12488534279659841 92.583380537843
0.10977206655387034 91.77421354966715
0.10586980250481039 91.74514067619731
0.09161524450147 92.53152090876782
0.11029034868003688 94.75969816708222
0.08828077989169109 91.740677582144
0.1033563360647787 91.740677582144
0.09464520829332478 92.40319697219114
0.09190525674934273 92.3039563523738
0.10414432392655312 90.8322699741508
0.08961478482333714 90.6494899025772
0.09739801901709176 90.06627745013772
0.10173725537328711 89.80718335788998
0.11929159682928778 90.69720647472708
0.10428793288523228 93.47122065715602
0.10004395749211333 95.0570985799382
0.11134211315575673 91.44231189693016
0.10537179178822634 89.69903148075602
0.0968475543618758 90.97599697428475
0.08775799895261385 88.04449224215882
0.10347258534813014 87.86462499053579
0.08873471895043997 89.98342066366052
0.09763533040515628 91.55983156027308
0.0950773775013282 88.92157225691571
0.09197843355252647 87.31836346373508
0.09141444710748338 88.94375540157937
0.0833824955778746 88.40153213741013
0.08614057414097877 88.64531852312872
0.10632922869787509 90.20073144905717
0.0978847781290037 90.7526974356978
0.08676946875935486 91.2520218042305
0.0817784626210327 89.60402684263349
0.09589157013203585 90.42595716454356
0.08932586712182872 90.48875412097549
0.0796735370793306 90.17176067085815
0.09599887723591939 89.62116271055227
0.08432839079052039 91.19509586955498
0.08946448047196776 91.34849152690389
0.10272252587915225 91.75721719451961
0.07414060227050766 91.75721719451961
0.10289978959058368 91.52911836552983
0.10568176180492253 91.34849152690389
0.11598813438709933 92.98791189988142
0.08874027726817804 91.10821515352042
0.08321518100970125 90.80564652461419
0.0914690605727543 87.98108088610871
0.11070023283985576 90.15907873438955
0.10186294213811659 89.22933280750881
0.09660702319543132 90.15907873438955
0.09350650968869599 90.7212000593542
0.07630370994273122 90.29139003520595
0.09163529229767446 89.18557159798
0.0929432627645423 89.62279256980192
0.07783406771485481 89.62279256980192
0.08492015797493796 89.5942972655957
0.10784232793328481 90.31812529940555
0.09483310690123 89.35005013399996
0.07690475883466431 90.35943182953616
0.0771503684251182 90.2932138762309
0.0836997091222529 90.2932138762309
0.10877060083798881 91.72620921651594
0.09287076710035035 91.78508112807629
0.09771757790232453 91.01602189255385
0.09793543479388606 91.60733425101935
0.10986790117942034 92.72595366989921
0.09768114868257718 91.89633535312879
0.1039482857477706 90.46334001284374
0.0986860493550197 91.89633535312879
0.10596163845812355 90.04616821301967
0.09220417883400196 89.98729630145932
0.08911982619747867 89.98729630145932
0.07689201400550998 89.1576779846889
0.08492751070702097 90.96658942624804
0.10987533498891305 94.43307760652756
0.10310201355574976 94.39625756659503
0.0901337176549496 93.61597174604452
0.09245995639234053 91.79454784819802
0.08786639039086241 94.49332767784608
0.10658298694383936 94.49332767784608
0.0910831306449859 95.0554490028107
0.11480409947234531 93.49691968321217
0.08770769721805065 95.27171817312087
0.09925096698274803 92.84507565277806
0.08769779047895086 93.171557055724
0.08503190524398808 91.1672867603681
0.11102304998334021 91.47866024358059
0.10487583670904005 91.4182621160849
0.09354029743218717 91.10005494659232
0.0832523279245381 90.88773615646795
0.08450439706349284 92.74212516806847
0.0842738226757382 89.24471137444252
0.08682559703934016 90.99900645660956
0.10064430326337172 90.89060508735223
0.08718637902782839 92.61793390370386
0.08367580231241105 91.63444353297163
0.11458671878563699 93.36177234932327
0.093399263994962 92.19826571820994
0.08236967841804983 93.36177234932327
0.07762138096875891 91.69724048940355
0.09414363862276737 94.5709613572672
0.08794282799129395 95.11686779948448
0.0911973306674753 89.54684384448696
0.0895492283274835 91.78900617294786
0.07329995260636286 91.84787808450821
0.08635896915927258 90.35601083266282
0.09221191223674406 90.35601083266282
0.09253787564690613 91.88600530420193
0.09541816434313456 91.78900617294786
0.08883467697943336 91.84787808450821
0.10635824774408603 95.36391346269569
0.09384768246308271 93.33858235657478
0.08151335586952439 93.42677884610885
0.09371844237709501 93.74498601560141
0.08968486795674921 92.03786207897306
0.10730309445518979 91.93607457404228
0.08353251735444259 91.4496315138069
0.07855387138585325 91.97506512254114
0.08485511803815769 93.53512065807507
0.08242120299312442 96.04264773549018
0.06795073835325766 90.18717081913184
0.08462205290633704 90.74929214409649
0.11369397937188121 92.61845365697413
0.08098471028166317 90.24996777556379
0.0978668298206255 91.76880129322458
0.0797695769101405 92.3511274979125
0.08931643976127289 91.15992146963134
0.1023683633376311 92.15765851507975
0.08967377198347709 90.45053457845138
0.07386809278149996 93.81062741417654
0.09106072799937091 90.35601083266282
0.08728434790379067 90.38450613686904
0.09220918506805988 90.38450613686904
0.08599652440900978 91.62073633543397
0.09565787021223543 89.65191511815584
0.08320517963941393 89.5891181617239
0.08620381293552863 92.34720245304092
0.09242526515386366 92.39985993987267
0.10558742172502092 91.1035605385714
0.08332951920462173 90.9728446573145
0.09085108371400588 90.50383810495617
0.1034274012000371 91.05638939303272
0.08738819562497882 91.218426969282
0.08476362091444327 90.55590757923487
0.11468266903111039 92.93544490139004
0.07218028014175358 91.218426969282
0.09227699543331237 90.01464094882394
0.0835913926935392 90.07743790525586
0.08258482345305748 91.8317329874229
0.09339368037513227 92.98037455836547
0.08029971572825652 92.49194476862584
0.08371242645116854 92.97812503893489
0.08058058729760159 93.29377978880036
0.08495337669072528 91.76812739425404
0.07023086903987504 90.92756161424181
0.07117929787986842 88.63246990237363
0.10373185503586023 90.45486018887551
0.07894555485299058 90.92756161424181
0.07372471821203029 90.98377089636831
0.08743906956728878 93.53885692405125
0.08973872867758721 93.63585605530535
0.08150521911921746 92.31136010666705
0.09602847504375997 91.81608910607996
0.08565331965733548 91.25396778111532
0.0843297002971906 91.50436256971834
0.08463951388984017 90.11412020307412
0.10022521663501996 90.74328001750806
0.10543739267387839 91.06148718700062
0.08014288784271797 91.03782207433835
0.10036489582326004 92.05965053025129
0.06983573677030155 94.04562274182163
0.0851653331684477 94.70814213186877
0.07165302203397847 94.92438720536978
0.08944915343596072 94.26186781532265
0.0875074549883236 94.26186781532265
0.07152071153146468 95.60312147816425
0.09085166602017991 94.9406020881171
0.09414103643528608 94.7578220165435
0.11401928779852735 95.83402204429017
0.0965367155680488 93.33387621657126
0.09072217154761027 91.52496477501214
0.09448748031709739 93.56477678269717
0.07334179108373753 93.26294519290406
0.07312221831805256 93.03179122007988
0.08765591213024504 92.86469636260723
0.07225311266060769 91.16157394524058
0.08035768796884603 90.77410923246933
0.08860881961355865 91.59365725494999
0.08132587676820048 92.91116470676033
0.0744532764145617 92.57643726442642
0.10345850332146905 92.31831793157086
0.085058766264121 89.49762285806088
0.08564051505356465 91.81337528772832
0.07822860386475362 92.40999940947285
0.08632375031956183 92.40999940947285
0.0867200842814264 90.7313707770507
0.07493920075076371 92.40999940947285
0.0956671408222925 92.40999940947285
0.08119875020644998 90.32264510943497
0.08793031144827182 92.00127374185712
0.08190362308704428 94.21636396591856
0.07881781178978635 94.21636396591856
0.07556402236440728 93.61973984417403
0.08406414911754773 93.80763829830283
0.08410437351572812 92.34720245304092
0.09778499277115901 90.25984815300303
0.09642472257482136 91.9384767854252
0.08123454951437759 90.62140267508008
0.09182962080771791 90.18418170325816
0.08492403754314479 92.36282826393415
0.08361113770112473 92.36282826393415
