2.4111319398254687 4.050637444509508
2.390864376857598 8.881878977083758
2.0903047341824577 10.505337029083586
1.9119755247312105 11.111144027355557
1.789169313397784 16.311711910476326
1.7463982903382507 15.699520691095763
1.6565853630575424 16.397520645256705
1.6370727720907678 21.533545898929077
1.5810962369345405 19.31039330663361
1.485476902484694 24.87380103715269
1.4849096637814405 26.076358122666537
1.423887185060617 20.467364479867403
1.3742363343331172 26.00583606134786
1.248880098858929 31.864461391426172
1.267422660640686 31.367789842404342
1.2058325935639769 31.115589467722668
1.1912390925432976 29.71430774895808
1.1541193879886344 27.494807390611914
1.139339438246926 36.36270990049181
1.1185174954193176 33.04939385606059
1.0947967278662318 32.74239957422486
1.1113562486813002 36.613088818986625
1.0549988828497845 35.61044333174556
1.0796290322278836 43.934754820544846
1.0679638864880223 38.461307730076726
1.0822225391365934 39.48118733016806
1.0197229498406977 43.301302531374915
1.0401898599866668 40.82769794728379
1.025833466573408 43.100467039650454
0.9987517566802283 46.45801267367376
1.029684490979413 45.62132795929245
0.9816428396707736 38.6907195467364
0.9975114084758423 44.07160548706119
1.006691253883969 41.47034110843021
0.9640601185678594 45.550140207744356
0.9868680047105282 42.1300568006658
0.9326519321298871 44.87121625398767
0.9407773734914198 44.05021402360481
0.9601966737783831 44.589692869013696
0.958766967314326 42.601436668839376
0.900713580165829 52.38192367751585
0.8851741811466445 40.14449221082727
0.915648451988923 45.50511088468993
0.9050527797098974 39.583213187189884
0.9592758624124916 41.13473438559659
0.8736854141800751 42.816537673735986
0.8794599429627437 45.72485033509881
0.9013185394187414 44.95216951032144
0.8834651485297216 52.79560087320076
0.882415405474083 49.85640146051879
0.8564042793905426 41.46712955167117
0.8748688580633808 45.88837288909784
0.8212294676601526 47.37344146644368
0.8465366556887132 50.538112832561616
0.8295245603329264 47.57501129746685
0.7955522008738425 45.32081785201435
0.8242894786533089 50.0521561939765
0.8139961442083312 46.24914719901688
0.83606325326505 54.609268255519325
0.871147424842618 52.83518272665996
0.842232795698564 45.184897986517996
0.786276499443902 56.54247874752096
0.7963942386436127 57.52117100035916
0.8424601096761718 54.92377183836984
0.8213918212757446 53.14798503605072
0.8346471964511626 46.76024884172175
0.7179272297632068 50.328451405665426
0.7523486630470012 59.30524419376466
0.7687995407870826 49.457019598739386
0.7752800764784605 61.93879090412104
0.8115061015308779 58.37599798991701
0.7918615563087711 53.11711020872975
0.7658616720364329 51.26173986217182
0.7284567816805091 54.842511338325274
0.7895882517454926 52.91704947358876
0.752937203534264 52.63169853496552
0.7215070783553119 50.89790991510812
0.7500701219723073 56.70555332080482
0.779428890996264 55.54518782553166
0.7210038421745767 52.560923788585775
0.74208318264818 58.86976516132119
0.7726069404215781 59.19600295159966
0.7310006986805342 56.59850859695846
0.7344664497155283 48.82045321300774
0.7240644034608259 53.32420363480785
0.695432368126461 53.296176409269776
0.7138216687010004 56.96287409186465
0.6854427394967231 57.261761007945026
0.7250040566201184 55.007404731076974
0.7354378264845516 56.52500330285443
0.6536198342044872 54.32879385769001
0.7020995748131895 53.33077857358835
0.7117239036428132 52.589548238914475
0.7113441917113872 57.75641774018748
0.6669175104857287 63.434400483103815
0.6694551181480937 57.425007204667594
0.679371855013391 62.89849969071201
0.7036503679727624 63.275213801953406
0.7095760806742871 60.63694254845657
0.6891138817014549 61.03741773516582
0.6753615319516783 65.59950248791327
0.6488414244848788 62.06377920030125
0.680581396914433 62.840430221041785
0.6524528093246741 53.97199408554307
0.6816469256850897 57.238849974387016
0.6384995663594579 59.39902821477594
0.6673463391211802 64.78770421664022
0.6461289290592732 62.44619859248523
0.6565862038232146 66.78726882986297
0.6250188388262361 67.46566186431666
0.6404374236338328 61.18332464275566
0.6394208300663977 61.28080848705684
0.6346355333380772 65.06106529800701
0.6324710695568622 64.88528136978807
0.6137880601200875 63.83389611118861
0.6645959643437264 60.65248586943235
0.6566373775846208 62.51819742708702
0.6302685957743488 65.72577170958294
0.6366128488517471 68.2563176311469
0.6304134149601331 58.55050878195298
0.6333956443539136 65.77173364736846
0.5924355102384108 67.43966520899566
0.5677415699440722 62.621183269331574
0.6246856681387452 62.83789130719701
0.6423784986110262 62.816656237142425
0.6072994927420479 69.69361988987323
0.601371002253799 73.70285543006793
0.6099784009232604 70.75233945709658
0.6075175131457695 65.31336650848053
0.5882454252448495 67.09660482881854
0.5552570404938865 67.41449025426799
0.5660671600821193 63.018598404643086
0.5532569157595004 69.06306816402503
0.5678643459833467 73.2283623116378
0.562561332858173 71.59168940822754
0.586612902956527 67.30661877884225
0.5270733845554254 70.94638731498901
0.5754399131127262 70.53551560251817
0.5998754686852732 69.01921021401279
0.5665335477056305 70.29544864850064
0.5545929854635168 64.91983685230625
0.6152831342794591 67.49086660611444
0.5409651389373857 71.70245696912636
0.5075239643572321 72.03021562880345
0.5438300482427411 74.09035353770032
0.5427667836652083 73.49899160666303
0.521626907161613 67.75113590068871
0.5666804314472592 67.57497489576792
0.5400271941213204 67.79828229802553
0.5028377107530438 66.56206947602485
0.5226980198286515 65.54317208475317
0.535481641373795 65.07624464331982
0.5254562301549504 70.3306295158958
0.5225072000512597 74.3828218210801
0.5254961025782311 67.42694771688865
0.5520885346467934 71.46126459645564
0.5109492914263833 64.99532640514948
0.49173943129769987 68.07103900588697
0.5280350890019472 70.36472256639172
0.521501858152036 67.71100645844405
0.5040342957552643 70.05645244058063
0.4853303260038723 68.82586753853687
0.5051018789338727 64.53195051167478
0.5163529474894901 67.75646581253142
0.5047624490209642 69.72385141642198
0.499452231247623 72.24472240736141
0.5075075463015725 70.01861426820952
0.4811296735236142 70.49350421325286
0.49981171106730654 71.40698846112493
0.5094851299355799 74.14911352751895
0.4407879686584503 70.3642547959164
0.45116540847730274 71.320825169176
0.49055704391802535 70.73461518277308
0.46563873117183546 74.80898666382356
0.5174255112495962 72.62319172310596
0.45677596164893475 66.45344110270884
0.4651804364096716 77.77742671440639
0.5176880890963761 70.85335798588768
0.5035534971885319 74.14164894010413
0.4520755663610988 74.77023104877433
0.4891516717139256 71.47282241236378
0.42516511084202674 70.21721390562823
0.45112272611538223 77.24158518967539
0.42964427675580497 74.20883759680005
0.4309756698040154 73.2463063996617
0.47327319526912004 78.83108839087797
0.45323526016843374 80.10975650229217
0.47311253185571295 83.86932136116961
0.4598707841578864 79.22301577084737
0.46221769904793253 76.34098178258218
0.4609806621934876 79.36641366963131
0.41294160416866577 81.7140491146808
0.4613795607405752 79.27040157935835
0.39975024822695854 77.0691159081044
0.44328696541053014 71.72366956095685
0.4036253088327633 73.18031871182119
0.4133325253952531 74.42390005296532
0.4256534127125938 79.51528924850756
0.40193605887960693 74.24610742440497
0.3907667684730434 74.78357684728198
0.3915396913380557 72.8576067653708
0.3739590891801631 73.94181655237215
0.3856357589186039 79.78624466358575
0.4066305109350919 82.63701260645077
0.39759051333445905 79.04701558845746
0.430046352855458 78.69190286799792
0.3673959725235064 71.9335898540687
0.4024828966756755 80.34550011021696
0.37398299677393254 80.61708439591382
0.41182062785192813 79.48438655927339
0.38868657363693404 74.9096809042547
0.3933265133753733 79.15921811648262
0.4084503152406905 78.1653560470513
0.39557623591180796 72.09916939261443
0.4066263305641103 79.58528431355838
0.3772865266116126 80.78971952930353
0.39911189569469185 82.00563564677465
0.37498261890861156 77.54753869442015
0.3690367885909867 83.88588163826347
0.3728298725299212 75.77273573994307
0.37624038324803794 75.9869097168977
0.34619324645723204 80.51209246438383
0.3337543645515191 76.10371292244275
0.3694852062546137 76.09878793229757
0.344539105344346 75.22551183086343
0.3823753773556627 75.76580814346181
0.35532038471927935 75.02770927684344
0.37356441107140226 79.21378548970713
0.3533494508858306 76.10626694327031
0.34692583834839047 76.03151529865052
0.3452800998249589 82.75176750373777
0.3559462448280243 78.62425797810556
0.34781418583130586 76.8745026156937
0.33253141267901054 80.65458071743784
0.3188622857565698 74.38671225512518
0.333769335990986 80.99369992229036
0.36601503650765327 85.2812949874845
0.35802935302401373 78.94716297980037
0.30296649395159475 81.90328424354811
0.3402870401480994 81.33599480408073
0.34438208338763415 84.11658698603796
0.30418479691381556 81.0477615644138
0.32514171290651556 76.4586657513976
0.34843095865930196 75.87280336504075
0.32751336735712233 85.7708006366837
0.3479332202330397 80.76307826918158
0.36088567517536274 83.17477548423832
0.3515627666030952 83.85950475998408
0.3183540355579709 85.24304692099808
0.32303840626952535 79.91731854568734
0.3386502402693765 84.574046424295
0.33524340519675866 87.95046089039951
0.33881229312309113 86.44075464301449
0.3315417593008473 83.0816905396239
0.3215360635999696 79.13289891735629
0.3131286546306526 83.57732412946856
0.31418354277783495 88.55136994936443
0.26885261100985935 83.90881117840412
0.3219515196858213 82.38232518194265
0.2856449839350013 80.54988753924584
0.2964344515506029 78.75802387184143
0.32456820703769185 82.56623873099711
0.29819864384761957 78.32657784215674
0.3039231925745408 82.82215619280878
0.30283643040545705 84.01893669182935
0.30930620593312946 85.90945880001573
0.29638651559123824 88.14342706647363
0.2661068342431262 86.15205747745425
0.2689261516150921 83.26862288349163
0.29028123158977165 83.99154199969968
0.2995791514121626 81.64074837764585
0.32272605121192843 81.52564448424145
0.28346014697641964 84.30383121783478
0.3142086393485574 85.42906305809751
0.29605772735796143 83.86760593618466
0.2872251402977735 88.13197653089748
0.2573779316774604 86.55788845838987
0.2770381815718702 86.233690199349
0.27689225855154354 86.76846751110344
0.27943609810336445 81.98580811598487
0.2945611566935109 86.59018710208441
0.2866614117156017 80.22962317190465
0.2447457307778894 85.13198491857206
0.2799771926312615 84.11113245485849
0.2710723901449382 82.9704277059683
0.28054899861593063 80.31884513884043
0.2848368345727334 86.03003190835457
0.25599124264719103 85.93369036048178
0.24561253691674512 86.4043696759301
0.2716565312684853 86.74452022921126
0.26744065947956025 84.11476569854291
0.24808330426614666 81.7113685681212
0.27822135939968506 89.24451002651682
0.25901757769009653 82.17733340323139
0.2309512752869657 81.56625220258361
0.27564425322726677 84.46344465030647
0.2759753124670723 85.31110499752815
0.2570460909967521 87.65265470763357
0.25014918509921275 85.54993702867982
0.24432726779028954 86.94592532663054
0.23936274203415375 89.41229616511744
0.23393214025215686 86.31298029980363
0.2585148984723813 88.89929308026585
0.2592808536242817 84.09677127335243
0.2433565159337691 88.8539121738245
0.2251718528237704 89.8288826110489
0.2428857775213769 89.57126078036886
0.2585626714783364 85.98915950484107
0.2538243543920289 88.42739240498598
0.25148023299886346 85.87229648186741
0.2522272218439716 88.7004769533289
0.25474017388955295 83.07098100794693
0.26510864114843824 89.2088860382936
0.25124605793262317 85.57203825816896
0.2349311166629106 86.87783527967409
0.25842910416935466 90.28528847408026
0.23325203506179507 88.65893043598572
0.2380432154768112 89.24668058348242
0.24681977997414362 82.8917339959739
0.21002971000008586 84.36341909398841
0.2292518483903513 83.82697006263793
0.2267940449272109 84.68050189290423
0.19547829804885838 83.97437611807372
0.2310063435872494 88.04387903544425
0.23633789615692571 92.18989006659969
0.2273977094253351 88.07524445595044
0.21504494991310108 89.60880227002644
0.2337435040446 88.43042724660296
0.2353844976536674 86.65733780526665
0.22562696336093632 88.62844108241296
0.21111271794593028 90.61042444286718
0.24362725794801962 79.54285693712637
0.21686247402938227 84.90037574334988
0.20477642035140525 84.48995053106934
0.19502856275700386 87.32470739407823
0.20660053681865886 89.42415493419031
0.19587839622167122 84.88328021538176
0.21063975894252793 83.32286147428336
0.2299534797021429 84.92640900005286
0.2293508907357069 87.25020457091651
0.2154983127292442 89.04637440289032
0.1854085108669578 86.66471747070128
0.26743019409128865 85.83045033164336
0.21362587055920465 89.95980412305934
0.21649011994422662 85.8138739980186
0.21234509409028612 89.24591413513055
0.20129482499649218 90.11471929904701
0.21224079073708801 88.70185504560703
0.22434771317897015 87.77880929318941
0.2202190058371311 88.41899017449025
0.22079639970864873 91.47997155739468
0.19307375655064518 91.16765128127139
0.2163760043180404 88.8167374779327
0.176351780752959 91.44526729018449
0.18742987261837196 94.17895030340956
0.1815193086699026 90.31043385959707
0.2009926957564761 88.481759125538
0.1853111255021301 92.11493688587052
0.19417209761720927 89.5428037546082
0.19786254627532157 89.90498511699974
0.18925904810770924 88.23003955650599
0.19323695824748743 84.20549034560767
0.1664905579279803 89.5122855195839
0.22363055271766136 85.47620360053057
0.20716944911291707 90.31898355681415
0.21099542618240152 84.60072538047349
0.1414176960367866 84.25936723243996
0.20146503262082385 86.08537179901738
0.19411638590210023 83.89546214816406
0.1989708342696913 86.25905602608319
0.17031627016584855 84.76370133123005
0.1623202402810634 84.09476790585528
0.15593141378417832 91.72586978530667
0.1525892481892603 91.45315473182882
0.20892096846752592 87.43707594335274
0.18061250657675998 86.71387267161813
0.16089875452584224 87.55313482617959
0.1823415758482208 90.25131900176302
0.15748691375482704 89.80409843802025
0.17002975154194183 87.43645932018435
0.16076550471688858 88.93469676786954
0.14024849406806686 88.85490637583234
0.1706364676499977 87.42356812129496
0.17596291264284372 89.41746104239647
0.1575373897703363 86.70985211844766
0.1984000633587132 88.91512697541677
0.16485756590816705 88.55723901296287
0.18049102482445656 88.32438058722605
0.16961410330038162 88.73788382351314
0.1651251665954043 89.74823609744776
0.16764614709928408 88.65144653425085
0.18200994770334167 86.34865324013661
0.13756471250648827 89.69887374867047
0.17578088004860606 86.74296134975458
0.17310484916992513 88.56090176896292
0.16153441508800823 90.54193169285944
0.17798005405855677 90.35828096371337
0.16826942260311784 88.44576679967628
0.17811298206094364 88.24219219474976
0.14848334231480545 90.96726998395029
0.14693098879933708 89.75560253176214
0.1496770892116518 92.20423219949593
0.1715039970315976 92.40645536178202
0.15669871360675758 94.17068782457049
0.1333196791108157 95.30913701406561
0.17076062576914328 93.22813220641841
0.14264017938306528 92.8708106644352
0.1421423990047364 92.76148316755288
0.19480440934677765 96.18357934849348
0.15004878318502055 92.07363366691312
0.155670414054307 90.54463353261467
0.14185879002104765 87.53356677404373
0.16541700495394102 85.89882322026739
0.12788337948122355 89.14306175355605
0.15716747119065613 89.2282225161482
0.1573956668995556 93.66270202959173
0.13772833982293364 92.41486275530144
0.1303885313212005 93.2260448054554
0.16048190922392033 93.21075039275294
0.1680824940475153 90.60692142379317
0.16223235693423288 93.39844261319097
0.13824967986548947 91.48529109039613
0.15516655632633597 91.23254183625907
0.17767993039363938 89.86572868041941
0.1465442716577213 88.54353210378551
0.1383531522434291 91.50183357521337
0.15063059961839498 89.22426013534367
0.15924269150914705 89.83018882611981
0.15119542941792546 89.72353243190577
0.13359258606484012 87.29042575303856
0.16678794157570803 86.53756635810316
0.15930642165427653 87.73669506815858
0.15107689992347142 85.80275627417113
0.14751651235902377 86.94375305873022
0.13274815052087685 88.37548307251072
0.16205735925218787 86.61546822128003
0.1727541969810632 90.37059771146295
0.1310759495342423 90.75077922464658
0.1333465988536617 91.99693398404654
0.14947812940202845 90.96945459807422
0.12717691191170052 91.65891082851358
0.13731922690723447 91.9924124107086
0.15312419551396939 92.03017238626667
0.14528590065044047 91.16127378823867
0.13618772707087765 91.41499667304151
0.1397847091295171 92.35403917186655
0.13367699962531315 90.53837227086338
0.14139629299420725 92.851084585716
0.12316425882059112 94.23766731155894
0.13663755544496967 93.04871281650365
0.12735750458008602 93.06400722920611
0.1313892354421949 92.73050564701109
0.12944479401145062 93.1075193510429
0.12178045733267832 91.68396791726589
0.15038624250399743 87.88491073901672
0.1688639799452831 89.65096330352844
0.12303271168250342 88.25421257276693
0.14097601375712035 86.28842048549097
0.1700848476369524 88.10848430118915
0.1374756085751221 86.60649504290176
0.13017816824269277 89.13286490337573
0.14720510564986264 92.2146952425121
0.1351043946326214 92.5041749678809
0.12619164009307984 92.8062511273267
0.12759038670980405 92.39516344755422
0.16897768048115372 91.22584103213109
0.12287674852277747 90.02390390228179
0.1134192641772485 94.34601043624525
0.12701537037569677 88.88605058827424
0.1505239228633536 91.59028844368372
0.13578967350835774 93.43147531234403
0.11243868807195943 96.21829091026967
0.12304372800728411 96.0398111739076
0.12708733935418554 91.68758382144297
0.12465535997168212 94.39281269066558
0.13290923208549107 94.2007522779648
0.15412817933923412 94.2007522779648
0.15203650135127283 94.2007522779648
0.10864911711511444 89.82645716835745
0.12425165225898055 94.93404750948613
0.13077632666452094 92.64525339649116
0.13551073952605494 94.61194781794569
0.1531094053549645 90.82237381615442
0.11959101634489272 87.728571588265
0.13750654177626762 89.28751355413429
0.14042752578218148 89.49434846537092
0.10031281198762679 91.30156137778869
0.11971267631257555 90.55446830195629
0.12551681273817838 93.96231364629912
0.1280956791766857 90.3359179429513
0.12277705546762512 88.24314041418249
0.1142072246056673 92.94312952247537
0.12499328072140002 92.31376886891366
0.11281440223508818 92.22040122992993
0.11850766683814512 94.11460865437697
0.10616932344105315 92.20762634094234
0.12644458819046064 92.40259578771558
0.11584186537792152 90.34758356276676
0.10323607919724954 90.58547627995996
0.1276799381468158 92.39438772151908
0.11674931592482092 90.02335495499533
0.11192163407210173 88.31623101836696
0.11567249227822703 89.33578965337875
0.13409231470123192 88.44304383022126
0.10011696127316498 89.50417540452194
0.13057771084154085 88.85621817866678
0.1259878848200978 88.9968888051949
0.11378943032468822 88.98657357014248
0.11439510895703943 87.7619328551307
0.09533755016337883 90.04839193586919
0.12362282758615863 88.24457177585485
0.10584430830595115 90.04839193586919
0.11053345456615317 90.74786747774198
0.1162586367545982 91.07213568285162
0.10258237504890216 91.75164754394902
0.09878076023879219 93.84849499780643
0.11843720902165865 94.03726527792364
0.09995861754916992 92.82371356354928
0.11403529201111372 94.04968680781984
0.11185359590282465 94.07369208271592
0.11937107861585966 97.61228633286989
0.11140174189001055 90.0781280709133
0.10225038768125799 92.56081453212484
0.11641631539496755 88.63584060141226
0.11754098785612038 90.20577982074968
0.12947876511444492 94.5813607903136
0.11305359465748129 90.44969397622175
0.1152124750783469 96.28656189096223
0.13429407713808267 94.44413244908256
0.10424287344900232 96.33667545590019
0.13829653441046666 93.09839309696987
0.11455018463721932 90.1234854609801
0.10126513799500396 92.3927307225731
0.11223606722315403 94.88914688525752
0.11268463470456812 93.765150320951
0.10281006991576394 90.53461944458108
0.10447042617554908 91.09813105486253
0.13104708649675362 94.5157071760529
0.11183828197160933 95.84042457320406
0.10432764326273658 94.43252293011591
0.0913521656650909 94.33073542518514
0.0949795300917231 94.33073542518514
0.0920795505416289 93.33819254187247
0.12007801989234494 91.31286143575153
0.1133143615209407 94.73306066246374
0.11945478395452656 93.03897024833225
0.11016444933416053 92.67340539503121
0.1080803265422439 92.35219694484819
0.09061569442647166 91.18771571234264
0.10504743984215856 91.18771571234264
0.10301751066127009 93.40237170050173
0.09966103712635525 93.24170428915266
0.1108474324511138 92.42746542406218
0.06744400944698668 92.34471981907585
0.11799249544103847 91.66768193519175
0.11988817051015262 92.67907208565371
0.11534819107745321 93.96871617521302
0.12499221238013618 92.69384458693085
0.11944433129260235 93.2974123803121
0.08848028208545848 93.2974123803121
0.11431658461084646 91.59028844368372
0.12554817248706834 91.40285133433228
0.10167721813075853 93.1759619130121
0.0833893514414942 94.88308584964047
0.10014055822503222 93.7284394708508
0.09920277539227401 93.1759619130121
0.0921714281173514 92.90783763596282
0.10863196424594261 94.59966715988872
0.11428016631445519 92.82643582527929
0.10619475521187567 92.82643582527929
0.1081239740590552 92.82643582527929
0.10030520415680012 90.45794994386894
0.10014459474806933 91.50972834684009
0.0838826524635215 92.79176810146807
0.08773012609446625 94.28363535331346
0.11688869169796633 92.79176810146807
0.08682862550780213 91.27865926092936
0.10935633267751062 96.09254679487259
0.10632117659213064 92.79176810146807
0.0975032779520035 92.75032163305146
0.12161073167211982 94.28363535331346
0.1061314198968478 94.30046426799086
0.09641747204070608 94.30046426799086
0.08634411428145917 96.10682882443658
0.11555771579333672 93.60882645587904
0.09118653686021924 94.79214775400342
0.09789309188878263 94.93316874208375
0.09887966857325407 96.40820707925175
0.09874997734668868 96.40820707925175
0.0908346196018475 95.83787768809064
0.11232893376539506 93.1677694223614
0.09865784993988944 96.40820707925175
0.09702371564228088 94.91633982740636
0.1178083975290721 94.91633982740636
0.09338263129359392 94.91633982740636
0.09546020020610531 94.34601043624525
0.11259754920154501 92.5646828606734
0.10258323174754565 93.95645444533325
0.11292939391472451 95.84042457320406
0.08706322193362902 92.29944100606397
0.11635031550145947 90.8088568305089
0.09973135939917742 93.32413364839985
0.09396174595917954 95.6926195298102
0.10702260004832564 93.36473503292117
0.12269082174970578 90.12435446701237
0.11335500896298249 93.61010865326917
0.10257148789551136 91.31074645611116
0.13519455729265892 90.11855950328614
0.10871582941143984 87.17916873509144
0.1018350276580245 89.69436238464422
0.11779863395580921 91.98772101616377
0.096376367639591 89.74981726220949
0.08994377168354117 90.00361098464093
0.10604942689764323 89.7190240386954
0.10568018959217881 90.03948543275943
0.0977119246383449 90.84899295190132
0.09612944229449848 91.04697867881579
0.07950473055197506 91.04697867881579
0.11352122846466377 91.16021214922374
0.10273512733694268 94.12004594144958
0.12269296182675513 96.10682882443658
0.08822620249089241 96.10682882443658
0.1085877051606122 96.69922130659548
0.10111390138586758 96.69922130659548
0.09587206202586634 94.7428203916174
0.08686964367452452 98.20607264126798
0.09307158290509111 98.20607264126798
0.09440414352485936 96.58213295057662
0.10420508583996262 94.65897096634507
0.10997737634148368 92.63022021891352
0.09382301049712283 94.60607165432324
0.086701822292053 94.60607165432324
0.10264956811898461 94.60607165432324
0.09563598708394332 97.90685034772778
0.10259339337717718 95.28877191799278
0.08720873832493817 94.69287507642693
0.09392644787919895 94.69287507642693
0.09833991176382945 94.21254644773013
0.0943105381445411 94.69287507642693
0.09418736440806579 94.69287507642693
0.08879306865797439 94.69287507642693
0.09772962690129797 94.69287507642693
0.09564802042551418 96.39999901305528
0.09104341979761822 97.99858908824315
0.11888580884330664 96.4025458981687
0.09215617827321652 96.4025458981687
0.10097210167716524 94.03151313164493
0.09183588197465284 92.37015900083551
0.09778955071446024 92.3073620444036
0.09120660606844838 91.49819505622776
0.09255990834311832 92.17322690256228
0.10274695616385512 91.3494747656992
0.10193286219356511 92.09656784153161
0.09430487037331037 90.28765639997248
0.08965180347168294 91.02926495310454
0.114903643720136 91.02926495310454
0.10259434906858206 91.02926495310454
0.0923044034999941 90.91516571022248
0.09538816770282954 95.84042457320406
0.07875665720054162 95.5222174037115
0.0941003687688564 95.5222174037115
0.10466112168627856 95.5222174037115
0.10562987285781376 97.88260508103669
0.10622366661180484 97.86565737355241
0.11483312711513921 96.0592928171067
0.08164818436023402 98.21711852081089
0.09585154004466967 92.75851412370217
0.0996947147287634 93.01392433676283
0.0876215100657581 92.37133713011254
0.07932013689677846 96.37749998659928
0.08946863084815695 94.56858854504014
0.08257361470906038 92.7540314979437
0.09365950350343386 94.56858854504014
0.09136495849347502 94.56858854504014
0.10705255536856105 93.04156253672863
0.10528728905641668 91.01623143060769
0.07247353603128101 91.10716952624472
0.09659461934982726 88.60879249260819
0.09331993290181827 90.32304844963832
0.08678382636692804 92.12941300608404
0.08857775355934604 92.12941300608404
0.07566082644609853 92.62037282476732
0.10106076249048164 93.96594223931862
0.09108567648904363 92.58614215962245
0.09619379552859937 94.37466790693435
0.11971097238346975 96.18357934849348
0.08819129359010501 95.59779291086657
0.09921633118537912 91.98251691286173
0.08547000973529764 94.10708863880001
0.09458418656991245 92.91853609611726
0.09545474959930873 94.69287507642693
0.08483802071694654 94.30931180108614
0.10604470764483583 93.50014481291029
0.10232933044051308 91.371759011116
0.10645142413759644 93.47498242063537
0.10517387263818107 94.57689106922048
0.12007260655068253 96.04855344134258
0.09829986390090434 96.60222217534138
0.10988056540942927 96.01643573771449
0.11048637830059103 96.01643573771449
0.09252591744106498 95.48643211637794
0.10347535141473431 93.99110463159356
0.11507444956172573 94.13110813834297
0.0789526054982804 92.28744092790421
0.07894672645496731 94.31277203402512
0.10989085338008388 94.31277203402512
0.11251311671154951 94.42449043757952
0.10880147834982913 92.53202994656212
0.09023952878319443 91.24196196518398
0.09041465562450904 92.50058117405096
0.09489750231659394 90.05771423750372
0.09662863940226937 89.8826508004932
0.08073851264055074 89.8251009133358
0.09599503084959732 89.84591778565975
0.09210328776235252 90.4080391106244
0.0774340238286448 90.1481073242258
0.09134382731306495 90.32529350563806
0.10411505315339138 90.1481073242258
0.09703770956910532 90.32529350563806
0.08929167493447865 91.31623636347905
0.086652621924867 92.11381925294994
0.08224157278654425 91.8783576884437
0.08860412157950652 92.11381925294994
0.08992600713190725 92.11381925294994
0.0872905352151835 90.80713467836905
0.0941676432885834 90.80713467836905
0.10382599375973997 90.24501335340442
0.10185622324394292 90.32940380015548
0.10817467318647153 90.48525074616076
0.08961832065630441 90.50266790326494
0.11616624203902644 90.83976891652475
0.1027619757544836 92.54689285315311
0.08030064545694349 95.42015982755865
0.06837144271385416 95.32316069630456
0.09659144946177967 95.54797805191465
0.06467998376013977 96.1100993768793
0.09433309691635891 94.88308584964047
0.10347670391857827 95.110354923496
0.08341068286736042 95.110354923496
0.0827182036144477 96.91926636505512
0.09446314330572878 94.87489335898975
0.07002956991538788 94.87489335898975
0.08495976074744094 92.84864508440415
0.09021503235043746 92.47684892336761
0.09577708407937699 92.6399625454116
0.08912705900906491 93.12781408009447
0.10637903580186348 90.55337568238363
0.10196987919231167 91.86990509747788
0.09274805664440347 92.78902807513433
0.08988092914107826 91.11029660651147
0.07339758029075387 93.64014831965969
0.09274843054171975 93.85046968603096
0.086646115588025 93.85046968603096
0.10582244264690664 90.80087407100349
0.09890686279774791 92.09927234001613
0.09752685609332296 92.33246512100142
0.09799924028715679 91.7210581566475
0.08891689588777403 93.36724788825099
0.10040503594916096 93.08369019750404
0.10196291802332001 94.66782916485751
0.10468785447139761 89.76850871860593
0.08719669381837526 94.7179120573008
0.08807383577640633 94.65963667420678
0.11309710057893284 96.39999901305528
0.11167144246219952 94.69198688677396
0.11642612071394062 94.77557944153743
0.09935255991336395 93.50913608894884
0.09424117939761004 96.10682882443658
0.12000905479460693 97.9157402659957
0.11767503261502789 96.10682882443658
0.09138832652237484 96.42503599392914
0.09645456411582624 96.13488712199265
0.10900250433054329 93.03897024833225
0.07828059156348958 92.15870646518343
0.0776509083890204 91.95648330289731
0.07698338479047684 91.96469136909379
0.0818769373553067 93.44835055474269
0.09999304768999463 93.68843210978166
0.1014796197045416 92.27956669409146
0.07252061243975161 92.1023805126792
0.06570411425560593 93.91129195423835
0.08095445363720086 93.56804780387193
0.08267494474501222 95.61841589086671
0.07699444931476519 92.50260894832996
0.0980545893064349 92.44952857331336
0.08975908909355386 90.52179113387508
0.07894311915716479 88.81466719724672
0.07120856276657336 88.51342973155612
0.10134332511461663 90.61997344951331
0.11155510622035225 91.22305264886754
0.07717760591955686 91.169998260607
0.09737206615868285 89.05360666557421
0.07127501379000648 89.52724012517406
0.09145255309869973 89.39992043493484
0.10439197762072026 89.51379460272074
0.08639195999323435 88.83118119779292
0.08483962142568574 89.46797318254455
0.09785419435829652 89.43473478032443
0.0869929954543624 91.27433773899027
0.08168764237098229 89.4858119916784
0.09576518895002599 90.5867724373737
0.07837560548474919 91.1500512076035
0.07835346060729953 91.13733714361486
0.08114238061044324 91.1207976996973
0.08805124252531622 91.112300162741
0.0883042787588507 91.13733714361486
0.076104993924312 91.112300162741
0.07125557284424008 92.60416741458639
0.08960445250154968 91.112300162741
0.07879532365931934 92.98146167561863
0.1031274117970815 92.83282112615672
0.07298303328190149 94.28324190958553
0.08431843278722354 92.74551452279007
0.0997146061455679 93.47419924406223
0.08730715092585077 90.36427592518841
0.06911689511263464 89.2154884932683
0.08451670726297135 91.08465000614594
0.10249681057474547 89.18225009104816
0.08940211147097324 88.95954201557295
0.06802484541758934 92.42295190977367
0.10056741483416061 91.92827329072742
0.09201603246926202 92.10535906240506
0.07673091911382507 92.10535906240506
0.09224850660952061 92.94005864502157
0.07870431797994262 93.77135557331499
0.08858080507964111 93.47446836513762
0.08675362781658595 94.94395098166156
0.08644325703666855 95.45301791836567
0.09843915908527848 95.53058195356093
0.09435826016768152 94.3364522870178
0.1025117005913708 93.69662460043237
0.07283453272972473 93.69662460043237
0.09625283951765363 92.01799596801024
0.08301352072054158 93.40346334250923
0.08660093839672806 93.40346334250923
0.0770334490866597 93.43302189672102
0.07600019047026606 93.37841743093979
0.09236179900002911 90.01425245012636
0.07248967041586643 90.26782749182063
0.0970824469434778 92.26811268637213
0.09206726087553428 92.25992019572142
0.08257955733829175 90.65957339135946
0.07858240751316121 88.96064194538181
0.0816747563697401 88.96064194538181
0.07631083121784966 87.17211619806993
0.08445354585163177 90.81363314518218
0.09053674161498881 90.38107284480897
0.09745423993732323 92.59320056382816
0.0804492275184208 92.67178378280512
0.08632246941195597 95.89005431841964
0.07192007172237241 96.13320280160053
0.08721250541117545 95.91044001266688
0.07669572394817153 94.0704917416223
0.1067848467449432 93.92913076337217
0.08734528150483191 95.81344088141279
0.09971674836060347 97.60196662872468
0.07572796653972928 95.9417754776941
0.08844505972526626 94.15324973038221
0.0954347940614213 92.06194393871905
0.08881540400864929 90.95425854190847
0.07750142409044063 90.80553825137991
0.08307958859172829 90.86819255084852
0.08488119148297972 92.43411340468128
0.07756951623235135 92.31864709191863
0.08704422435279768 92.31864709191863
0.08246473058499316 89.59754261798463
0.08752715724892815 93.75571169197205
0.09599809936406248 93.78075760354147
0.1053449780675186 91.96718594466016
0.0798005124552078 91.96718594466016
0.09137918391117093 91.6739343240122
0.08633719232297651 91.61592985812203
0.083234304420287 90.13225509692735
0.08178699699929283 87.3978606283717
0.0828613191065867 88.57395735036042
0.08259826356867644 90.62150433427585
0.09309348912008177 91.45335165649182
0.0865732177609224 93.15581578413499
0.09524682862578043 91.33048585583042
0.07062488740239063 91.33048585583042
0.08002983142030651 91.27008772833469
0.09521339816392654 91.27008772833469
0.0930888913918474 89.58341253592356
0.09744169656673009 90.03035915765098
0.06318107772583519 89.26394054899343
0.07571835074446834 90.76453028400701
0.0765554970649952 90.76453028400701
0.08162415066217686 90.76453028400701
0.09059648251206771 91.00504727936041
0.06705874817911772 92.59182251012854
0.08195321622535141 92.7405428006571
0.07453827219868575 91.34885439057534
0.11133569161841249 92.69200135189217
0.08361202566430144 92.69200135189217
0.09624840662876413 94.30061521215313
0.08015766753469465 97.58724042130046
0.09562493512927248 94.48524570276032
0.07679724850120152 92.1707246119951
0.08092026779510976 94.03222441839365
0.09393541356482084 88.83756040778403
0.09705729338520035 92.2233129768345
0.10756322726962142 88.55732073765107
0.08225732246361722 88.97423889591748
0.08393764938249987 87.1775206579549
0.09138383167967144 90.11924150758121
0.08693373644727442 90.6632772644863
0.08092136899135606 92.44361052114748
0.078428445471909 88.84501035249762
0.08443013146686613 89.1714100126409
0.07872422018928445 89.87915618787987
0.09038564105535668 93.43510636791511
0.08571925677654159 92.20475734858697
0.07169290482598721 91.6310686052441
0.09993081153247467 93.06400722920611
0.0766013209235434 90.95727431240167
0.08484245685570355 92.18732705341117
0.08178472767517553 90.1874967621496
0.08971261766532077 93.0360170341633
0.0878055594948242 92.4544153416745
0.07453463485775257 92.62051372237403
0.0759245294184581 91.10029736700045
0.09968850317559368 91.10029736700045
0.07659355098187193 92.51918238346244
0.08986862821835148 92.84708208084243
0.09453431362430127 88.8614951232729
0.08611160984371663 90.11561001531084
0.08567211682484456 89.8883409414553
0.09521587546193536 88.74638298436804
0.0851186931937857 91.60747726715623
0.10541752313825285 91.70447639841032
0.08060895742709775 90.35381222936051
0.07789322353245774 93.57363791128795
0.1037550396023428 91.47779362947344
0.08382502148297617 90.17840697174275
0.07741906258306926 90.70629763156256
0.08332758575777387 92.1920286499359
0.09186342996376828 92.30234278475973
0.08144610650076757 92.30806199829769
0.07887710052573971 92.63602646167003
0.07893374273261432 93.14139116909908
0.08733176195040197 91.93270205390982
0.0777018938148347 93.98669063071983
0.07846903052687235 92.23088006415215
0.0776562362484123 92.13087581688544
0.0850717277838913 91.95054086304363
0.08237129896676441 96.1100993768793
0.09255059518690756 97.60196662872468
0.0756631375847785 94.30118793532016
0.09832848922739747 95.110354923496
0.09925792811762316 95.110354923496
0.07639433468126774 94.90813176120987
0.08974854091755592 95.91967038435847
0.08030700261229252 95.88643198213833
0.07318142149741087 97.70353591434818
0.07653038973715447 97.70353591434818
0.09011110448257967 97.72858182591762
0.0709108261077915 95.110354923496
0.08597675460755821 98.50813274815462
0.08466815791705763 98.50813274815462
0.1016376044752542 94.88308584964047
0.08309988551327988 95.110354923496
0.08177058735749448 94.99209736996713
0.08051210163733293 91.53406947399
0.08628688805174164 91.6310686052441
0.0733809056305635 91.6310686052441
0.07331331492259843 94.93184729864862
0.06652682603332334 94.93184729864862
0.09487867377468066 91.6310686052441
0.07301802323612445 93.33819254187247
0.09223303943784462 91.6310686052441
0.08208266210727792 93.33819254187247
0.08062091130844186 93.33819254187247
0.08355227165258876 91.60843257283385
0.09623080901174122 89.72290769426787
0.08338050727836097 89.49563862041234
0.0845147299033327 90.69837793009732
0.09060319971554619 90.72101396250756
0.09503192833554593 93.01078812067243
0.08868097993615226 93.0166473924684
0.08842659752355916 94.69527602489056
0.07659556533313532 93.0166473924684
0.08833241344812588 94.67844711021314
0.08585196856449775 94.73306066246374
0.08050081333042794 96.37495310148586
0.08806477470457096 96.39999901305528
0.09288877597775994 95.78916666385894
0.07331117260258249 92.20468872370223
0.09227846692771859 92.21288121435295
0.067887154599482 92.21288121435295
0.07024264657331367 92.20468872370223
0.08228211743961976 92.26159223858465
0.06970353901267672 92.26159223858465
0.06844300471484072 92.24716427237087
0.06875383455944162 90.77212593520288
0.08969129596796321 92.4088758196584
0.08566599573300145 92.50188590424148
0.08283923065100941 94.05284024762655
0.07957131082478047 94.06825268818058
0.08317881493643843 96.04788641983228
0.08473915709698424 95.71438483763727
